1   1.842360374413517   29.698898206473064
2   1.842360374413517   29.698898206473064
3   1.842360374413517   29.698898206473064
4   1.3493343587253943   28.441446573754945
5   1.4358301509513813   28.662052123354627
6   1.418530992506184   28.617931013434696
7   72.37043885784563   50.0
8   50.00000000000001   57.95764815389389
9   0.0   62.5
10   0.0   62.5
11   1.392582254838388   28.55174934855479
12   0.0   25.0
13   52.58258639009304   62.5
14   65.08944257002801   61.92307692307692
15   34.0330867228313   62.5
16   66.5036294348914   61.73076923076923
17   53.35736230712094   62.5
18   64.98673375749591   62.50000000000001
19   53.35736230712094   62.5
20   4.082812861438812   37.5
21   63.80558241337664   62.49999999999999
22   65.6042804277198   62.5
23   64.6786073198996   62.50000000000002
24   64.52454410110144   62.50000000000003
25   31.53100001634518   62.5
26   33.29631389693686   62.5
27   31.53100001634518   62.5
28   32.238023284895505   62.5
29   55.875384037461664   62.5
30   33.64961995343788   62.5
31   65.6042804277198   62.5
32   0.0   37.5
33   8.165625722877625   37.5
34   9.180548956817441   37.5
35   50.0   62.5
36   67.46747165512701   65.31954887218045
37   66.90632768948255   66.63533834586467
38   61.83378754599035   62.5
39   61.68269597868699   62.5
40   61.04055681764775   62.5
41   61.64790106600676   62.5
42   34.77897254612779   62.5
43   61.91922370116849   62.5
44   34.8018761721338   62.5
45   53.938444244891876   62.5
46   34.69102202113521   62.5
47   11.482188295165388   37.5
48   34.466869976060764   62.5
49   34.454400107792324   62.500000000000036
50   34.40175896320079   62.50000000000003
51   34.687093423091085   62.5
52   34.51385991518951   62.5
53   65.6042804277198   62.5
54   65.6042804277198   62.5
55   34.466574576726465   62.50000000000001
56   34.01312755887166   62.50000000000001
57   34.453252818214   62.50000000000003
58   65.6042804277198   62.5
59   65.6042804277198   62.5
60   34.51885567962808   62.50000000000003
61   34.46679677701068   62.5
62   34.46629206927176   62.50000000000002
63   34.410215109461795   62.50000000000003
64   34.25073416651739   62.5
65   6.08023938310814   42.53048780487805
66   34.35460450897821   62.5
67   34.64731898351103   62.5
68   61.37840224102935   62.5
69   34.40408276930579   62.500000000000036
70   61.37830091824134   62.5
71   60.83818871761835   62.5
72   61.37830091824134   62.5
73   34.531049268102564   62.5
74   32.81304396503355   62.5
75   61.378199595453324   62.5
76   34.64891411287793   62.500000000000014
77   34.55834627129668   62.5
78   10.06080433561349   37.5
79   31.272588794251966   62.5
80   50.0   87.5
81   0.0   40.3125
82   29.78979871293575   62.5
83   9.744941233490845   37.5
84   9.850228934198391   37.5
85   9.95551663490594   37.50000000000001
86   31.285109722040602   62.5
87   31.196299615409146   62.5
88   30.481478351236248   62.5
89   10.692530539858778   37.5
90   29.73471309609389   62.5
91   29.62454186241019   62.5
92   50.0   56.46230220291654
93   50.000000000000014   55.87294446168167
94   50.0   87.5
95   50.0   60.68600682593857
96   50.00000000000001   62.5
97   0.0   42.65625
98   30.894289233511973   62.5
99   30.233680244931648   62.5
100   0.0   37.5
101   0.0   38.4375
102   26.46411766825719   2.476415094339623
103   62.5   12.5
104   50.000000000000014   59.97626434998449
105   32.32058834128596   12.382075471698116
106   30.85647067302877   9.905660377358494
107   29.392353004771575   7.4292452830188696
108   27.928235336514383   4.952830188679246
109   32.55697106619328   62.5
110   31.19154583643173   62.5
111   31.328278264192594   62.5
112   31.262288939800868   62.5
113   25.0   0.0
114   69.74087771569125   54.61538461538461
115   67.46747165512701   65.31954887218045
116   35.67628674664269   12.5
117   67.46747165512701   65.31954887218045
118   67.14619091504846   64.37969924812029
119   67.59598395115844   65.69548872180451
120   67.3389593590956   64.94360902255639
121   64.52454410110151   62.50000000000009
122   64.52454410110151   62.5000000000001
123   64.52454410110151   62.5000000000001
124   64.52454410110151   62.50000000000009
125   64.52454410110151   62.500000000000085
126   64.52454410110148   62.50000000000007
127   64.52454410110151   62.50000000000009
128   0.0   37.5
129   64.5245441011015   62.50000000000008
130   64.52454410110151   62.50000000000009
131   34.56575795622821   13.668079298680862
132   64.52454410110151   62.50000000000009
133   64.5245441011015   62.500000000000085
134   34.56575795622821   13.668079298680862
135   nan   12.5
136   nan   12.5
137   nan   12.5
138   nan   12.5
139   nan   12.5
140   nan   12.5
141   63.8846459068086   37.5
142   65.935857161945   37.5
143   63.73089898329026   37.5
144   nan   12.5
145   nan   12.5
146   nan   12.5
147   64.39713565186973   37.5
148   nan   12.5
149   63.73089898329026   37.5
150   62.5   25.0
151   nan   12.5
152   62.5   87.5
153   64.24338872835139   37.5
154   64.08964180483306   37.5
155   75.0   25.0
156   63.57715205977192   37.5
157   63.73089898329026   37.5
158   64.24338872835139   37.5
159   63.85136134678927   37.5
160   64.39713565186973   37.5
161   62.5   62.5
162   62.5   62.5
163   62.5   62.5
164   62.5   62.5
165   62.5   62.5
166   62.5   62.5
167   62.5   62.5
168   62.5   62.5
169   62.5   62.5
170   62.5   62.5
171   62.5   62.5
172   62.5   62.5
173   62.5   62.5
174   62.5   62.5
175   62.5   62.5
176   62.5   62.5
177   62.5   62.5
178   62.5   62.5
179   62.5   62.5
180   62.5   62.5
181   62.5   62.5
182   62.5   62.5
183   62.5   62.5
184   62.5   62.5
185   62.5   62.5
186   62.5   62.5
187   62.5   62.5
188   62.5   62.5
189   62.5   62.5
190   62.5   62.5
191   62.5   62.5
192   62.5   62.5
193   62.5   62.5
194   62.50000000000003   87.5
195   62.5   62.5
196   62.50000000000002   87.5
197   62.50000000000003   87.5
198   62.5   62.5
199   62.50000000000003   87.5
200   62.5   62.5
201   62.5   62.5
202   62.5   25.0
203   62.5   62.5
204   62.500000000000014   87.49999999999999
205   62.50000000000003   87.5
206   62.50000000000002   87.5
207   62.50000000000001   87.5
208   62.500000000000014   87.5
209   62.49999999999997   87.5
210   62.499999999999964   87.5
211   62.49999999999996   87.5
212   62.49999999999996   87.5
213   12.5   87.5
214   62.49999999999996   87.5
215   12.5   50.0
216   62.499999999999964   87.5
217   62.5   87.5
218   62.50000000000002   87.5
219   62.5   87.5
220   62.5   87.5
221   62.49999999999997   87.5
222   62.500000000000014   87.5
223   62.500000000000036   87.49999999999999
224   12.5   87.5
225   62.500000000000014   87.5
226   62.5   87.5
227   12.5   87.5
228   62.500000000000014   87.5
229   62.49999999999999   87.5
230   62.500000000000014   87.5
231   62.499999999999986   87.5
232   62.500000000000014   87.5
233   62.500000000000014   87.5
234   52.852713440531375   68.20744141990758
235   55.154107848221585   64.34109881498819
236   55.19486476246604   64.27262719905747
237   55.19184166253572   64.2777060069404
238   55.19184166253572   64.27770600694039
239   55.157378323330136   64.3356044168058
240   55.32450081466179   64.05483863136867
241   55.18055852341121   64.29666168066963
242   62.5   25.0
243   62.5   25.0
244   62.5   25.0
245   62.5   25.0
246   62.5   25.0
247   62.5   25.0
248   62.5   25.0
249   12.5   37.5
250   12.5   12.5
251   12.5   12.5
252   54.61628064318748   65.24464851944546
253   62.5   25.0
254   62.5   25.0
255   55.912356548880524   63.067240997881335
256   56.25000000000041   62.5
257   56.25000000000041   62.5
258   56.25000000000041   62.5
259   56.25000000000041   62.5
260   56.25000000000041   62.5
261   56.25000000000042   62.5
262   56.250000000000405   62.5
263   56.2186995276044   62.552584793625286
264   56.20615789996627   62.573654728057335
265   56.25000000000041   62.5
266   56.25000000000039   62.5
267   56.25000000000042   62.5
268   56.25000000000041   62.5
269   56.244878836789866   62.50860355419374
270   56.243977174862096   62.51011834623237
271   56.2500000000004   62.5
272   56.249263773815045   62.501236859991444
273   56.24934420188571   62.5011017408327
274   56.249560738999044   62.50073795848229
275   56.24941225640704   62.50098740923687
276   56.25000000000033   62.5
277   56.24782373158573   62.503656130936676
278   56.22349613902934   62.544526486431394
279   56.245115571609574   62.50820583969661
280   56.24656347573132   62.50577336077203
281   56.250000000000405   62.5
282   89.21437611822405   62.5
283   89.21437611822407   62.5
284   89.21437611822407   62.5
285   89.21437611822407   62.5
286   56.250000000000384   62.5
287   89.21437611822407   62.5
288   56.25000000000038   62.5
289   56.250000000000384   62.5
290   56.2500000000004   62.5
291   56.24562462651902   62.507350627448744
292   56.247970785092406   62.503409081045426
293   12.226344614993247   37.5
294   56.24919679053588   62.50134939190034
295   56.24729943880969   62.504536942800335
296   56.245910109446484   62.5068710161306
297   56.24729185077976   62.50454969069068
298   56.25000000000039   62.5
299   89.21437611822404   62.5
300   56.25000000000038   62.5
301   56.248065880808966   62.503249320241565
302   56.25000000000039   62.5
303   56.24740579520205   62.50435826406118
304   12.226344614993247   37.5
305   56.239365190319276   62.517866480264274
306   56.24627479852787   62.50625833847388
307   36.43174404829785   62.5
308   37.092038596454586   62.5
309   36.73291895113272   65.09014625102586
310   35.713818295554816   70.27043875307757
311   35.72684176757003   70.16274415913078
312   35.6537314614494   70.47213795021526
313   78.52305227887574   62.5
314   35.6537314614494   70.47213795021526
315   35.35625971099624   72.04648688714957
316   35.6537314614494   70.47213795021524
317   35.75288871160044   69.94735497123715
318   75.5537171846558   62.5
319   75.83583006852136   62.5
320   75.34821033301466   62.5
321   75.36634628785917   62.5
322   75.36634628785917   62.5
323   81.06750591237352   62.5
324   36.47954814269582   66.00463763352337
325   37.39289996138873   62.5
326   35.73335350357763   70.10889686215737
327   35.73986523958524   70.05504956518396
328   35.03924943093706   67.2312124307309
329   79.36321928199904   62.5
330   81.55967543114983   62.5
331   12.5   87.5
332   76.15330405440503   62.5
333   80.20338628512235   62.5
334   79.36321928199902   62.5
335   75.72675380486075   62.5
336   64.24338872835139   37.5
337   80.74346105215434   62.5
338   80.47342366863836   62.5
339   80.47342366863838   62.5
340   80.47342366863836   62.5
341   80.47342366863836   62.5
342   12.5   100.0
343   12.5   100.0
344   36.588143373321344   12.5
345   12.5   37.5
346   12.5   100.0
347   63.80558241337664   62.49999999999999
348   5.451716722080463   36.26749252468026
349   5.398401062180798   36.1741544180026
350   4.584276987977293   34.692094128782685
351   5.534531571055965   36.42483390450831
352   4.913857787528114   38.81826741996233
353   4.910040566735914   38.771186440677965
354   36.20534110675562   12.5
355   36.28731528444694   12.5
356   83.38086744751239   62.5
357   89.81593685033663   62.5
358   89.57714878734724   62.5
359   89.47434615001086   62.5
360   89.38017629692959   62.5
361   89.37441718492501   62.5
362   89.3935512019782   62.5
363   89.43283462967517   62.5
364   1.2279872942830035   47.198681732580035
365   82.05279916758562   62.5
366   86.03700400736592   62.5
367   84.70893572743915   62.5
368   89.6224772625649   62.5
369   5.6817462294625996   36.69482187199673
370   33.8551377239022   20.964420133414247
371   33.9723472535412   20.10152706498645
372   0.0   87.5
373   62.5   25.0
374   34.05214692163121   19.959946569864716
375   34.09372764415958   20.04447584048286
376   34.14201397394304   19.934265748746455
377   34.24560915882826   19.59937050188602
378   89.7566245250584   62.5
379   89.71078116376698   62.5
380   89.56388243108347   62.5
381   89.48353240146733   62.5
382   89.40848491323995   62.5
383   89.4409781394754   62.5
384   89.36521094563307   62.5
385   89.37803699084893   62.5
386   25.0   62.5
387   79.32178640648354   68.3483755169361
388   89.31673704228828   62.5
389   89.50277884256501   62.5
390   89.60351987278824   62.5
391   34.06016377933425   20.10066764323013
392   34.42339817294408   16.8469263675843
393   34.441185372097195   16.649954791275274
394   34.747620563590445   15.501140245493247
395   34.47959681949424   16.804230188609992
396   34.8261823707027   16.184095409750586
397   34.83184097175828   15.484675119421723
398   35.11558343134024   15.44257056036526
399   34.98076023238503   16.09009924565011
400   90.72576610605357   62.5
401   90.83705296153965   62.5
402   89.76576682352952   62.5
403   10.177642871031544   39.17682926829268
404   92.6578981672924   62.5
405   10.736379710293827   38.71951219512195
406   10.736379710293825   38.71951219512195
407   9.06016919250698   40.091463414634156
408   97.0051953050798   62.5
409   92.65789816729239   62.5
410   0.0   75.0
411   89.2348483030369   62.5
412   86.03700400736592   62.5
413   89.27579267266259   62.5
414   62.5   25.0
415   12.5   87.5
416   12.5   87.5
417   62.5   25.0
418   62.5   25.0
419   62.5   25.0
420   12.5   87.5
421   89.41331717266947   62.50000000000003
422   89.39905295778408   62.500000000000036
423   89.39892173893155   62.50000000000002
424   89.40352548722771   62.5
425   62.5   37.5
426   89.40372988942828   62.50000000000002
427   89.40362768832799   62.500000000000014
428   89.40376395646169   62.50000000000002
429   62.5   37.5
430   63.75732324228403   37.5
431   62.5   50.0
432   89.41679282744607   62.50000000000004
433   89.4073098378185   62.50000000000004
434   89.402457879578   62.500000000000036
435   89.39375585752848   62.50000000000001
436   62.5   37.5
437   89.40669670674481   62.50000000000004
438   89.40022628213664   62.50000000000003
439   89.39907649406436   62.50000000000003
440   89.3892994731812   62.500000000000014
441   89.40022628213664   62.50000000000003
442   63.51393259768292   25.0
443   86.03700400736592   62.5
444   65.28641623325953   43.42475559751827
445   64.52186973777178   40.462377798759135
446   66.45138227592038   48.28189496760873
447   25.0   12.5
448   66.40184800391305   48.19376349551176
449   89.40022628213664   62.50000000000003
450   66.56282151270855   48.772332364720356
451   80.912560051865   69.5451265508083
452   66.45335117076507   48.47972770746038
453   66.52656242525799   48.07962191163493
454   66.54781086984383   48.31307546418011
455   81.04839437129539   69.37503789854105
456   87.5   87.5
457   66.35366487594777   48.17836224323967
458   81.40642730720134   71.33933444098136
459   65.18417712658538   44.61982231056807
460   100.0   83.33333333333334
461   87.5   62.5
462   65.27785780540623   44.28558945935504
463   65.34750515701913   48.18110468846453
464   66.13466385300185   48.46280334231777
465   50.0   82.0
466   68.61191386667316   48.967394314017014
467   69.15383321413952   45.22715004948364
468   68.09828200012427   47.69737719629226
469   75.0   63.99999999999993
470   75.0   63.99999999999994
471   75.0   63.999999999999964
472   75.0   63.99999999999997
473   75.0   63.99999999999997
474   75.0   63.99999999999997
475   75.0   63.999999999999986
476   83.40567932956537   84.2039444995044
477   75.0   63.999999999999964
478   75.0   63.99999999999997
479   75.0   63.99999999999995
480   75.0   63.99999999999996
481   93.28029141104297   68.14455521472394
482   93.74041411042946   67.75805214723927
483   83.40567932956537   84.2039444995044
484   87.5   62.5
485   83.40567932956537   84.2039444995044
486   75.0   63.99999999999997
487   93.9129601226994   67.61311349693253
488   37.5   12.5
489   75.0   63.9999999999999
490   75.0   63.999999999999986
491   83.21894830376178   83.98780971258668
492   83.59241035536898   84.42007928642215
493   91.91909509202455   69.2879601226994
494   75.0   63.99999999999997
495   75.0   63.99999999999998
496   75.0   63.999999999999964
497   75.0   63.999999999999936
498   75.0   63.999999999999936
499   75.0   63.99999999999996
500   75.0   63.99999999999996
501   75.0   63.999999999999964
502   93.64455521472395   67.83857361963192
503   93.82668711656441   67.68558282208589
504   95.58090490797547   66.21203987730063
505   12.5   37.5
506   91.91909509202455   69.2879601226994
507   99.2741935483871   92.5
508   78.35715195606731   87.5
509   97.82258064516131   90.0
510   62.5   37.5
511   97.82258064516131   90.0
512   98.79032258064517   77.5
513   57.58947976638689   12.5
514   96.37096774193549   82.5
515   61.46338620279591   12.5
516   61.46338620279591   12.5
517   61.88838263771424   12.5
518   61.67588442025507   12.5
519   61.10201745763254   12.5
520   61.28270183021422   12.5
521   60.64505495848326   12.5
522   81.11822426347126   81.55629335976214
523   61.41566543547968   12.5
524   81.373282004751   87.5
525   61.77711029031978   12.5
526   100.0   87.5
527   82.47202420054737   83.12327056491574
528   82.42534144409647   83.0692368681863
529   100.0   75.0
530   100.0   75.0
531   59.688508541210055   12.5
532   31.97468393432003   5.637433857754649
533   34.069760630477376   5.6374338577546474
534   61.826682654929336   9.04749875454947
535   61.82660291443596   9.046941419521886
536   61.6931578924181   10.305654885247488
537   32.20253045742764   5.079215369526727
538   60.42257448786469   9.049319931105137
539   61.91639343753272   9.607352207219728
540   31.950746188270244   5.637433857754648
541   34.047231487393724   5.637433857754648
542   34.019874040103666   4.134682147773915
543   61.947880108755726   12.5
544   61.93532164087249   12.5
545   61.90548043008628   11.625339262288996
546   61.90503388332346   11.62221818613454
547   61.86999766931412   11.95423810671888
548   61.925257249414344   12.5
549   61.542474694524344   11.63553785100074
550   61.96655817460944   11.867870804462175
551   61.977877971509365   12.5
552   61.97776056549464   12.5
553   61.978720975000535   12.5
554   62.07583440279988   11.663186308103745
555   62.07571689278175   11.663186308103743
556   62.075231475087044   12.5
557   62.07570725249615   12.5
558   62.07550926253293   12.5
559   62.019459977693096   12.5
560   62.018954684615174   12.5
561   62.01686738852792   12.5
562   62.01891323138711   12.5
563   62.01806187454528   12.5
564   61.364929374761964   12.5
565   61.748956766396475   12.5
566   8.165625722877625   37.5
567   33.04413778966544   5.293938824719872
568   33.04413778966544   5.293938824719872
569   61.58032979057256   12.5
570   61.74163595723651   12.5
571   9.744941233490845   37.5
572   60.98090198312745   12.5
573   62.01477129983611   12.404060576971197
574   62.01513756769689   12.31777890039204
575   62.00983647675512   12.20890595162229
576   62.00698255693486   12.224869735589643
577   62.02099830995883   12.432342564129492
578   61.98134399621843   12.37554874932028
579   61.96591588762025   12.051510192483567
580   61.96413907611785   12.039091416953845
581   62.002515398509075   12.292421547998405
582   61.94160701567905   12.241297959950568
583   62.017143851207926   12.298257991234438
584   62.08885348116912   12.432733676580366
585   61.95191838413331   12.160775924081923
586   61.949564917735486   12.327221238438927
587   61.86080020865164   12.092090421117346
588   61.92454661642591   13.026770173403508
589   61.78620004212269   13.909376495802478
590   61.68729103961164   14.506261660990134
591   61.68457229277834   14.536917559417176
592   61.68800962557065   14.538493653507283
593   61.85692113115953   13.471216010880385
594   61.80016827508459   13.763290630298936
595   61.786080087793664   13.853089426935789
596   61.79624097727151   13.85770185936683
597   61.688025326595145   14.538606099911275
598   61.6878538908061   14.539225172819615
599   61.68604806714855   14.551198203316298
600   61.648286830651166   14.78431538594363
601   61.79659922815742   13.857946488714834
602   61.79606266216157   13.858109684961327
603   61.79609621804984   13.861050955756344
604   61.78663707435554   13.918306941924435
605   12.5   37.5
606   61.815483585606636   13.718609130249156
607   61.81548358560662   13.718609130249153
608   nan   12.5
609   nan   12.5
610   0.0   37.5
611   61.708423681250885   14.347063968171552
612   61.707299616464795   14.347063968171554
613   61.7049055681677   14.347063968171552
614   61.703822362480196   14.347063968171554
615   25.0   0.0
616   61.64270673655115   14.795235974153565
617   61.62993926941581   14.879145872930321
618   61.64574244640272   14.771518956784517
619   61.62779699392109   14.880573477772357
620   61.62897890488208   14.886174556495016
621   61.62958169391302   14.886463711526199
622   61.62949897364706   14.886507487235088
623   61.62947707649005   14.887072917037893
624   61.6276880502614   14.898067403105074
625   61.59971921134628   15.072623130897105
626   0.0   37.5
627   nan   12.5
628   61.91639343753272   12.5
629   34.163747889240376   13.515721129287714
630   33.34338407653988   13.515721129287709
631   61.91639343753272   12.5
632   35.78618182243656   12.23134729817273
633   34.40332809654043   9.39258374886457
634   35.797510610312685   11.980604776467276
635   34.33293432354057   15.199985116135094
636   34.786133870565095   14.074120255720516
637   34.248113502786126   14.39722434672171
638   34.23048741409232   14.809941710975085
639   34.56575795622821   13.668079298680862
640   34.565757956228225   13.668079298680869
641   33.78470600954316   12.5
642   29.910680304479   6.25
643   27.0   0.0
644   36.588143373321344   11.084905660377359
645   62.5   12.5
646   62.5   12.5
647   9.0   0.0
648   37.5   0.0
649   62.5   12.5
650   62.5   12.5
651   12.5   0.0
652   12.5   0.0
653   nan   6.25
654   nan   6.25
655   nan   10.75
656   nan   35.31701156144109
657   100.0   55.0
658   33.819267170012694   12.730994171097509
659   nan   12.5
660   35.67628674664269   12.5
661   nan   12.5
662   nan   12.5
663   63.98714385582083   37.5
664   nan   12.5
665   nan   12.5
666   nan   33.613087895084774
667   25.0   62.5
668   nan   32.66844392904128
669   nan   32.9483919443133
670   nan   34.201492584102326
671   nan   33.613087895084774
672   nan   34.63402312288219
673   nan   33.61308789508477
674   75.0   37.5
675   62.5   100.0
676   0.0   75.0
677   nan   33.61308789508478
678   nan   25.0
679   nan   25.0
680   nan   25.0
681   nan   25.0
682   nan   25.0
683   nan   25.0
684   nan   25.0
685   nan   25.0
686   99.30048994253988   84.375
687   99.62189431751624   88.7704170860249
688   99.67331901751243   90.24868381978887
689   99.67331901751243   92.49868381978887
690   75.0   0.0
691   83.90441275124375   87.5
692   62.5   62.5
693   62.5   62.5
694   62.5   62.5
695   62.5   62.5
696   99.57762948988608   88.62071526975737
697   86.10743772386076   87.5
698   37.5   12.5
699   nan   12.5
700   84.78232583364337   87.5
701   98.66683092841372   83.52272727272728
702   99.55561030947123   77.8409090909091
703   99.39656539608258   88.3528906822751
704   99.53798332107216   90.51187420012603
705   99.26731192819162   88.78825496080037
706   99.15522521056667   84.6590909090909
707   98.86738706742011   85.22727272727272
708   98.66683092841373   83.52272727272728
709   85.41415918659906   86.13708622398414
710   85.0755851398305   87.5
711   85.19057085896662   84.77417244796828
712   84.71528614085207   87.5
713   99.45777075557757   88.5412513508748
714   85.09731009204035   87.5
715   84.4673415752464   87.5
716   80.2062388877928   87.5
717   82.05532581951827   87.5
718   99.22636930445599   88.59605405355244
719   76.25   96.4
720   12.5   100.0
721   63.57301072213873   37.5
722   63.57301072213873   37.5
723   76.25   96.4
724   66.45762610675412   37.5
725   78.75   89.2
726   66.45762610675413   37.5
727   31.25   75.0
728   63.91916456829258   37.5
729   63.57378722294496   37.5
730   63.89491393878035   37.5
731   63.989858333207685   37.5
732   63.98985833320769   37.5
733   79.31979342105794   61.818181818181806
734   63.98985833320771   37.5
735   79.31979342105792   61.81818181818179
736   79.31979342105791   61.81818181818179
737   79.31979342105791   61.81818181818179
738   63.98985833320771   37.5
739   79.63834674721934   63.90902531016165
740   63.9898583332077   37.5
741   63.98985833320769   37.5
742   79.31979342105792   61.8181818181818
743   78.86064556687002   62.5
744   0.0   37.5
745   78.4014977126821   60.72727272727272
746   76.70074885634105   57.86363636363636
747   65.93585716194501   37.5
748   65.93585716194501   37.5
749   25.0   87.5
750   100.0   79.16666666666667
751   21.59090909090909   62.5
752   23.863636363636363   62.5
