1   52.94900851152176   45.30657593505679
2   99.99999999999994   99.99999999999994
3   46.98672453258288   56.01608326409934
4   66.01361466241049   65.76971186533484
5   69.44150962425596   65.8491678477132
6   77.44080826593083   19.014238679667635
7   64.35112885490622   29.592076172784246
8   67.97129594288623   27.45063986621866
9   77.44080826593083   19.014238679667635
10   46.898222973540086   43.69585949693972
11   55.345279512160076   38.699174781620016
12   77.44080826593083   19.014238679667635
13   77.44080826593083   19.014238679667635
14   42.40210850395151   44.38955827689681
15   42.37583724247945   44.371951205798275
16   99.99999999999991   99.99999999999991
17   99.99999999999991   99.99999999999991
18   51.142714719079606   76.21949193346993
19   39.1370252330437   57.36924190379822
20   77.44080826593083   19.014238679667635
21   43.53177274725032   45.14666233413364
22   42.71926308143392   49.94770969702137
23   31.90813288363345   74.29177273970568
24   48.874139853183195   65.37243195344303
25   29.884251828167418   66.42222705193673
26   79.22177281165541   68.95640466373142
27   42.4246510075582   48.111673285801245
28   42.24448093511912   44.28391585030562
29   60.58418621677424   57.482338105409326
30   51.72686280929253   49.11550836310545
31   41.797869490094016   43.984595641630605
32   42.12043766245601   45.288170419320906
