1   52.94900851152178   45.306575935056806
2   100.00000000000003   100.00000000000003
3   40.162325817443545   56.016083264099336
4   66.01361466241052   65.76971186533487
5   69.441509624256   65.84916784771323
6   77.44080826593084   19.014238679667642
7   64.35112885490624   29.59207617278425
8   67.97129594288621   27.450639866218655
9   77.44080826593084   19.014238679667642
10   34.43520015080882   43.695859496939725
11   55.34527951216007   38.699174781620016
12   77.44080826593084   19.014238679667642
13   77.44080826593083   19.014238679667642
14   29.554318655893667   44.38955827689682
15   29.519380027368534   44.37195120579828
16   100.00000000000006   100.00000000000006
17   100.00000000000006   100.00000000000006
18   36.445963480440376   76.21949193346993
19   32.22981740220191   57.369241903798226
20   77.44080826593084   19.014238679667642
21   31.05667968247421   45.14666233413365
22   36.44596348044038   49.94770969702137
23   24.609154332942758   74.29177273970568
24   38.25716005012876   65.37243195344301
25   21.922297231513497   66.42222705193673
26   79.22177281165544   68.95640466373142
27   30.6828812673007   48.111673285801245
28   29.34468688474289   44.28391585030563
29   60.58418621677428   57.482338105409355
30   35.67966178975171   49.115508363105455
31   28.750730199815706   43.984595641630605
32   29.501970471557314   45.2881704193209
