1   56.25   45.30657593505679
2   99.99999999999994   99.99999999999994
3   40.162325817443566   56.01608326409934
4   66.02564102564102   65.76971186533484
5   69.23076923076923   65.8491678477132
6   79.38931297709924   19.014238679667628
7   66.79389312977099   29.59207617278424
8   71.3740458015267   27.450639866218644
9   79.38931297709924   19.014238679667628
10   34.435200150808825   43.69585949693972
11   60.68702290076335   38.69917478162
12   79.38931297709924   19.014238679667628
13   79.38931297709924   19.014238679667628
14   29.55431865589368   44.389558276896814
15   29.51938002736855   44.37195120579828
16   99.99999999999991   99.99999999999991
17   99.99999999999991   99.99999999999991
18   36.44596348044038   76.21949193346993
19   32.22981740220191   57.36924190379822
20   79.38931297709924   19.014238679667628
21   31.056679682474226   45.146662334133644
22   36.445963480440376   49.94770969702135
23   24.60915433294276   74.29177273970568
24   38.257160050128775   65.37243195344301
25   21.922297231513504   66.42222705193673
26   78.84615384615385   68.9564046637314
27   30.682881267300704   48.11167328580123
28   29.344686884742913   44.28391585030563
29   59.61538461538461   57.48233810540932
30   35.67966178975173   49.11550836310545
31   28.750730199815727   43.98459564163061
32   29.501970471557335   45.288170419320906
