4 3
1 2 1 2
2 1 1
3 2 1 3
4 1 2
2
1 2 50 100
2 3 100 25

1st QP:
A=  2 -0.5 -0.5 -0.5
      -0.5 1 -0.5 0
      -0.5 -0.5 2 0
      -0.5 0     0 1
bx= [25.0, 0, 100.0, 25.0]
by= [50.0, 0, 25.0, 50.0]
x= [ 68.18181818  77.27272727  86.36363636  59.09090909]
y= [ 72.72727273  59.09090909  45.45454545  86.36363636]

2nd QP:
A=   1  -0.5
        -0.5 2
bx= [25.0, 75.0]
by= [50.0, 102.27272727272727]
x= [ 50.  50.]
y= [ 86.36363636  72.72727273]

3rd QP:
A=   1 -0.5
       -0.5 2
bx= [25.0, 125.0]
by= [36.36363636363636, 61.36363636363636]
x= [ 64.28571429  78.57142857]
y= [ 59.09090909  45.45454545]
