1   2.46890281227326   29.43894496906548
2   2.46890281227326   29.43894496906548
3   2.46890281227326   29.43894496906548
4   1.8082105103973185   28.251058287202905
5   1.924121440550993   28.459459459459506
6   1.9009392545202584   28.41777922500819
7   62.499999999999964   56.09756097560976
8   6.25   81.25
9   0.0   62.5
10   0.0   62.5
11   1.8661659754741557   28.355258873331206
12   0.0   25.0
13   7.403940523644632   87.5
14   9.3530835558415   87.5
15   12.240979906153715   62.5
16   12.437423225402174   62.49999999999998
17   8.973861052076291   87.5
18   10.053511506665641   87.49999999999997
19   9.76076508231351   87.5
20   3.3628712320640695   37.5
21   12.283149465268826   62.5
22   12.396689709099842   62.499999999999986
23   10.096072833874935   87.5
24   10.488848136496298   87.5
25   11.91213722513261   62.5
26   12.029870761523254   62.5
27   11.91213722513261   62.5
28   11.40120216770794   62.499999999999986
29   12.309045294604301   62.50000000000001
30   12.370824150976462   62.5
31   62.49999999999999   60.357142857142854
32   0.0   37.5
33   6.725742464128139   37.5
34   9.171413466130023   37.5
35   5.063142817259454   84.75
36   12.309045294604301   62.50000000000001
37   10.084710360616642   87.5
38   12.47824699488771   62.49999999999999
39   12.486908398191554   62.49999999999998
40   12.49160378960358   62.499999999999986
41   12.472617261872085   62.5
42   12.496581885988876   62.5
43   12.457285937166356   62.5
44   12.38228461467036   62.500000000000014
45   12.323433358097182   62.50000000000001
46   12.28894330662657   62.50000000000001
47   11.916039449779392   37.5
48   12.228532968851853   62.50000000000001
49   12.307670845648413   62.500000000000014
50   12.336042402274957   62.5
51   12.287258022282863   62.500000000000014
52   12.452871237311838   62.49999999999997
53   12.452861600253616   62.49999999999997
54   12.447298142487698   62.49999999999997
55   12.305105569324528   62.500000000000014
56   12.228532968851853   62.5
57   12.297221375359072   62.500000000000014
58   12.428762920326191   62.499999999999986
59   12.383788842325856   62.5
60   12.302446110503743   62.500000000000014
61   12.165047992333253   62.500000000000014
62   12.44066257802892   62.49999999999999
63   12.338256375131591   62.5
64   11.970683893554206   62.5
65   25.0   12.5
66   12.405260651592997   62.5
67   12.327173291437783   62.5
68   12.41907187413997   62.5
69   12.37880478246962   62.5
70   12.399170248554194   62.5
71   12.489923164099121   62.49999999999999
72   12.408461251743729   62.5
73   12.303811087964316   62.5
74   11.474131943407524   62.499999999999986
75   12.436798101811132   62.5
76   12.5   50.0
77   12.475076883084414   62.49999999999997
78   25.0   0.0
79   10.953381114728218   62.5
80   5.4434888094952765   62.5
81   25.0   12.5
82   5.4434888094952765   62.5
83   25.0   0.0
84   25.0   -0.0
85   25.0   -0.0
86   10.733115058492398   62.5
87   10.526615630771317   62.5
88   8.165233214242916   62.5
89   25.0   0.0
90   37.5   81.25
91   37.5   89.06249999999999
92   38.30459142605251   87.5
93   37.902295713026255   87.5
94   12.5   50.0
95   0.0   87.67948717948718
96   0.0   88.93589743589743
97   25.0   12.5
98   37.5   92.1875
99   37.5   90.62499999999999
100   26.031785383557313   12.5
101   25.0   12.5
102   25.638318201507495   12.5
103   62.5   0.0
104   50.0   62.5
105   28.191591007537486   12.5
106   27.553272806029987   12.5
107   26.91495460452249   12.5
108   26.276636403014994   12.5
109   62.49999999999997   71.80851063829788
110   62.49999999999997   71.80851063829788
111   62.49999999999997   71.80851063829788
112   62.49999999999997   71.80851063829788
113   62.49999999999997   71.80851063829788
114   62.49999999999996   69.68085106382979
115   34.52653039399147   12.716929177648575
116   62.49999999999998   62.5
117   50.0   0.0
118   62.49999999999997   71.80851063829788
119   62.49999999999997   71.80851063829788
120   62.49999999999997   71.80851063829788
121   37.5   62.5
122   37.5   62.5
123   37.5   62.5
124   37.5   62.5
125   10.24987136134925   87.99440081033501
126   11.880149638321079   87.53617566904892
127   11.516100450028723   87.62058556349638
128   36.9587474674131   12.5
129   11.433719303249452   87.59646845079709
130   37.49999999999995   62.49999999999998
131   34.52653039399147   12.716929177648575
132   37.499999999999964   62.499999999999986
133   37.49999999999996   62.499999999999986
134   34.52653039399147   12.716929177648575
135   37.49999999999996   62.499999999999986
136   37.49999999999995   62.49999999999997
137   37.49999999999996   62.49999999999997
138   37.499999999999964   62.499999999999986
139   37.49999999999995   62.49999999999997
140   37.49999999999995   62.49999999999998
141   37.49999999999996   62.49999999999997
142   3.069565780091265   90.13645261389304
143   4.055039980912648   89.66235037341329
144   11.782835998515136   87.56029278174819
145   3.0469371445658413   91.82470074682658
146   2.038834308219035   93.98705112023987
147   7.16986303205476   88.9223067214393
148   37.49999999999996   62.499999999999986
149   37.49999999999997   62.499999999999986
150   37.49999999999996   62.49999999999998
151   0.0   25.0
152   62.499999999999986   73.93617021276596
153   10.87980266006406   87.83824250560723
154   37.49999999999996   62.499999999999986
155   61.81396097411286   7.76739935337322
156   61.81396097411286   7.76739935337322
157   50.0   12.5
158   50.0   0.0
159   50.0   12.5
160   87.5   12.5
161   58.7219498294064   65.125
162   62.423857460142884   62.5
163   62.470230290261895   62.5
164   62.468776646197895   62.5
165   62.48476673090181   62.5
166   nan   nan
167   62.4395599849894   62.5
168   nan   nan
169   62.44567796587974   62.5
170   62.44567796587974   62.5
171   62.44567796587974   62.5
172   62.44567796587977   62.5
173   62.43170872256614   62.5
174   nan   nan
175   62.45499079475557   62.5
176   50.0   50.0
177   nan   nan
178   nan   nan
179   62.23685278345512   62.5
180   nan   nan
181   nan   nan
182   nan   nan
183   nan   nan
184   nan   nan
185   nan   nan
186   nan   nan
187   nan   nan
188   nan   nan
189   nan   nan
190   nan   nan
191   nan   nan
192   nan   nan
193   nan   nan
194   nan   nan
195   nan   nan
196   nan   87.5
197   nan   87.5
198   nan   87.50000000000001
199   nan   87.5
200   nan   87.5
201   nan   87.50000000000001
202   62.5   37.5
203   nan   87.50000000000001
204   nan   87.5
205   nan   62.5
206   nan   87.5
207   nan   87.5
208   nan   87.5
209   62.5   37.5
210   nan   12.500000000000018
211   nan   12.500000000000018
212   nan   12.500000000000014
213   nan   12.500000000000018
214   nan   12.500000000000018
215   nan   12.500000000000016
216   nan   12.50000000000002
217   nan   12.500000000000014
218   nan   12.500000000000016
219   nan   12.500000000000007
220   nan   12.500000000000012
221   nan   12.500000000000014
222   nan   12.500000000000016
223   nan   87.5
224   nan   12.50000000000001
225   nan   87.5
226   nan   12.500000000000012
227   nan   12.500000000000014
228   nan   12.500000000000016
229   nan   12.50000000000001
230   62.45499079475557   62.5
231   nan   12.500000000000014
232   nan   62.5
233   nan   62.5
234   nan   68.78486377599816
235   62.5   12.5
236   62.5   12.5
237   62.5   12.5
238   62.5   12.5
239   62.5   12.5
240   62.5   12.5
241   62.5   12.5
242   62.5   12.5
243   62.5   12.5
244   62.5   12.5
245   62.5   12.5
246   62.5   12.5
247   62.5   12.5
248   62.5   12.5
249   12.5   37.5
250   12.5   12.5
251   12.5   12.5
252   87.5   87.5
253   62.5   12.5
254   50.0   0.0
255   87.5   62.5
256   87.49999999999956   87.5
257   87.49999999999955   87.49999999999999
258   87.49999999999955   87.49999999999997
259   87.49999999999955   87.49999999999999
260   87.49999999999953   87.49999999999997
261   87.49999999999952   87.49999999999996
262   87.36659151816407   62.49999999999987
263   87.36659151816407   62.49999999999987
264   87.49999999999955   87.5
265   87.49999999999955   87.5
266   87.49999999999955   87.5
267   87.36659151816407   62.49999999999987
268   87.49999999999955   87.49999999999997
269   87.49999999999955   87.5
270   87.49999999999956   87.5
271   87.3667138881411   62.49999999999987
272   87.49999999999955   87.49999999999999
273   87.3667138881411   62.49999999999987
274   87.49999999999955   87.49999999999999
275   87.49999999999955   87.49999999999999
276   nan   nan
277   nan   nan
278   nan   nan
279   87.36646914818704   62.49999999999987
280   nan   nan
281   nan   nan
282   87.36091420223944   62.49999999999989
283   87.36253342905935   62.499999999999886
284   87.3625777205283   62.499999999999886
285   87.3627333832067   62.49999999999987
286   87.36295100993173   62.49999999999987
287   87.36255748289094   62.49999999999987
288   87.36338293941091   62.49999999999987
289   87.36330091034372   62.49999999999987
290   87.36363678458741   62.49999999999993
291   87.36568834222899   62.4999999999999
292   87.37347195463984   62.499999999999936
293   12.275166564340452   37.5
294   87.36425987169436   62.49999999999989
295   87.3651810682518   62.4999999999999
296   87.36548133894308   62.49999999999991
297   87.36854943779666   62.499999999999915
298   87.36683625811816   62.499999999999886
299   87.36005333037383   62.49999999999995
300   87.36421788699502   62.4999999999999
301   87.364091932897   62.4999999999999
302   87.3665780159414   62.4999999999999
303   nan   nan
304   12.275166564340452   37.5
305   87.36594855115806   62.4999999999999
306   87.36634677821002   62.499999999999886
307   12.020513921514892   87.49999999999999
308   12.029144685322457   87.5
309   12.035207956773748   87.5
310   11.955808839214107   87.5
311   11.82766759378369   87.5
312   12.028416170535015   87.5
313   12.019381787244205   87.49999999999999
314   11.989445929952083   87.49999999999999
315   11.862515908565355   87.49999999999999
316   11.859733306632998   87.49999999999999
317   10.86960239817309   87.5
318   12.166269204509193   87.5
319   12.112111694221381   87.5
320   12.130331081550398   87.5
321   12.143334254788984   87.5
322   12.123299520876014   87.5
323   11.893912241532092   87.49999999999999
324   11.9191127328034   87.5
325   11.91240158298525   87.5
326   11.952586218665175   87.5
327   11.85849917266562   87.49999999999999
328   11.928322618750274   87.57974845060154
329   11.940168582423468   87.5
330   11.260431384378185   87.5
331   12.033631425484968   87.57443188722809
332   12.080195700756954   87.79772754891238
333   11.723430441962563   87.50000000000001
334   11.837664531274248   87.50000000000001
335   12.124061949287949   88.61647830842142
336   11.84465256839791   87.58456062640181
337   11.955442973386328   87.5
338   11.964384210357778   87.5
339   11.96639297665153   87.5
340   11.931740751176706   87.50000000000001
341   11.723379092923002   87.5
342   27.0   12.5
343   36.0   12.5
344   35.64391932925641   12.5
345   37.5   12.5
346   37.5   12.5
347   9.048326222577046   88.9705882352941
348   7.9720213631410735   36.348420709866495
349   7.988913719019852   36.348420709866495
350   6.143279298144728   34.04526212959949
351   37.01976099567325   12.5
352   36.98464468546492   12.499999999999998
353   36.963881687697445   12.5
354   36.97834456740883   12.5
355   36.98015242737275   12.5
356   87.2335780795301   62.49999999999998
357   85.60239032203279   63.86163144263486
358   85.43851483849916   63.99844751311146
359   85.37092067502269   64.05666155331824
360   85.29284170183072   64.12440337693967
361   85.27306283637715   64.14156364890809
362   85.26807057466414   64.14589496755397
363   85.26688194092294   64.14692623389824
364   35.552545291231134   13.847094591952029
365   84.36833066267526   64.91854207745334
366   85.2923541185718   64.12500844099428
367   85.36091353906403   64.06625397767144
368   85.44318484365466   63.99574862168399
369   36.998258418829614   12.5
370   34.97621459950577   13.62377286053168
371   12.5   50.0
372   35.12917072237641   13.59688637434574
373   35.183869008298636   13.619328949280177
374   50.0   12.5
375   35.23370704941276   13.557417741691985
376   35.08145863160702   13.730067917803982
377   34.981009654064266   13.826647690763357
378   85.47579673820489   63.954419714754486
379   85.48931954998395   63.943557533092374
380   85.49044805716045   63.940770427085994
381   85.66982449487743   63.77627005589962
382   85.73456668719541   63.719377900527405
383   85.56314502925788   63.87532936562066
384   85.7012581641344   63.74992086333556
385   85.5581362287976   63.87992229235874
386   32.68692212824652   16.541283775856083
387   82.63473860001957   66.40710852890551
388   86.13078027343839   63.4343663584748
389   85.63656663174447   63.81601408748126
390   85.55239109439424   63.886206363662744
391   35.086351873393376   13.646847596161791
392   35.10485963496477   13.104179521384378
393   35.611000466234934   12.98315316376815
394   87.49999999999977   12.5
395   35.8292597111633   13.044171459337552
396   35.729564374942406   12.977784324879359
397   35.81650951542893   13.049596766108175
398   87.49999999999976   12.5
399   87.49999999999974   12.5
400   85.76968174512457   63.71476912683926
401   85.59164055291703   63.863248949383554
402   85.58654408270539   63.86602321273262
403   87.49999999999977   12.5
404   87.49999999999983   12.5
405   87.49999999999974   12.5
406   87.49999999999974   12.5
407   87.49999999999976   12.5
408   87.5   75.0
409   87.49999999999974   12.5
410   0.0   75.0
411   87.11487172386329   62.68687327169496
412   nan   nan
413   86.62282599865084   63.06061981508488
414   75.0   12.5
415   87.49999999999976   12.5
416   50.0   62.5
417   50.0   12.5
418   50.0   12.5
419   50.0   12.5
420   37.5   75.0
421   62.5   62.5
422   62.5   66.07142857142857
423   62.49999999999999   62.49999999999999
424   62.499999999999986   62.5
425   75.0   12.5
426   62.5   62.5
427   nan   nan
428   nan   nan
429   nan   nan
430   75.0   50.0
431   nan   nan
432   nan   nan
433   62.49999999999999   62.49999999999999
434   62.499999999999986   62.499999999999986
435   nan   nan
436   62.499999999999986   62.499999999999986
437   62.499999999999986   62.499999999999986
438   62.499999999999986   62.499999999999986
439   87.07737603967443   62.5
440   nan   87.5
441   87.39940550829229   62.5
442   nan   37.5
443   42.70129466394311   37.5
444   42.70129466394311   37.5
445   nan   37.5
446   nan   43.693344235049636
447   25.0   12.5
448   nan   45.76843742222687
449   87.38643873146606   62.5
450   45.719028600966645   37.5
451   nan   45.76843742222687
452   44.947050151960624   37.5
453   45.64884874196609   37.5
454   25.0   12.5
455   nan   12.5
456   nan   47.884218711113434
457   nan   44.79192298120229
458   37.5   75.0
459   37.5   87.5
460   100.0   100.0
461   nan   66.0
462   47.40334521697977   37.5
463   46.56118690897321   37.5
464   87.5   62.5
465   37.5   82.0
466   47.691532914883915   83.75
467   45.38306582976783   80.0
468   62.5   87.5
469   62.5   87.5
470   62.5   87.5
471   62.5   87.5
472   62.5   87.5
473   62.5   87.5
474   62.5   87.5
475   62.5   87.5
476   62.5   87.5
477   nan   63.8526046283369
478   nan   63.93097048765849
479   nan   63.895043270882894
480   nan   63.84434518827045
481   nan   63.82761090371146
482   nan   63.63226723758294
483   nan   63.71329628717989
484   nan   63.77067167311626
485   50.0   50.0
486   nan   63.70033214606209
487   nan   63.818194473655666
488   37.5   12.5
489   75.0   62.5
490   87.5   87.5
491   nan   63.6798703510748
492   nan   63.679870351074804
493   nan   64.56972755199634
494   nan   63.887486051981654
495   nan   63.88873384356622
496   nan   63.85731139320677
497   50.0   50.0
498   nan   63.81934798380367
499   nan   63.81876162700257
500   nan   63.816904830465724
501   nan   63.81161133156679
502   nan   63.74784222553248
503   nan   63.786923002257694
504   nan   63.441268420178645
505   12.5   37.5
506   nan   64.20592142676541
507   100.0   74.0
508   nan   63.25
509   62.5   87.5
510   62.5   12.5
511   nan   62.5
512   62.49999999999999   59.28571428571428
513   57.47238361801195   36.222802900361735
514   62.499999999999986   60.35714285714285
515   60.87830666151552   34.565653725792124
516   60.87830666151552   34.565653725792124
517   61.6751930428977   34.177929284498
518   61.27674985220662   34.37179150514507
519   60.61778611375597   34.692409793138275
520   60.748046387635746   34.6290317594652
521   60.07375791108161   34.95710628671407
522   60.41409375071534   61.676421668301685
523   60.476032286298576   34.7613800062531
524   61.37402367612871   61.247509993621854
525   62.5   0.0
526   61.589360796516914   61.73649194152787
527   61.57079702006027   60.64449686623586
528   61.530982958253105   60.29958123442292
529   61.798801029883066   61.162242458136355
530   61.78655054932701   58.748422263732365
531   59.322845744009946   35.32246201024123
532   31.930543946687873   4.446353065539113
533   33.93011292484131   4.446353065539113
534   61.291856594334064   4.7927694467087
535   61.54226324990602   4.712100654665193
536   61.56066494013894   4.145482980256801
537   31.36446212635687   2.69556025369979
538   60.199892296845135   4.270017866896588
539   61.55326297565215   4.100502213961153
540   30.92967951766122   2.69556025369979
541   33.32098386548731   2.6955602536997905
542   33.98509392103472   3.6865750528541232
543   62.430814900025695   36.95423616027588
544   62.42937803749098   36.954236160275876
545   62.429299479080186   36.954236160275876
546   62.429295184011075   36.95423616027588
547   62.429294949184616   36.95423616027589
548   62.42929493635178   36.95423616027588
549   62.42929493575925   36.95423616027588
550   62.429294937722446   36.95423616027588
551   62.42929497432977   36.95423616027588
552   62.429295643929365   36.954236160275876
553   62.42930789115737   36.95423616027588
554   62.46060827811726   32.49007821118016
555   62.449612101448615   30.20330101665185
556   62.449612101448615   30.894415262067927
557   87.49999999999997   12.499999999999998
558   87.49999999999999   12.5
559   62.41287335301625   35.52122633323274
560   62.39482573222976   34.21544545732593
561   62.39482573222976   34.427011042657384
562   62.40377881352791   36.44912881957535
563   62.405049316311015   36.44912881957535
564   87.5   12.5
565   87.49999999999999   12.5
566   6.72574246412814   37.5
567   6.72574246412814   37.5
568   6.72574246412814   37.5
569   61.94433389974257   36.25431750223031
570   62.18688812573684   36.60427683125308
571   25.0   0.0
572   61.24384298402791   36.74628758096447
573   62.46202836845648   37.49999999999999
574   87.5   12.5
575   62.46029357475721   37.5
576   62.46028693583783   37.49999999999999
577   87.5   12.5
578   87.5   12.5
579   87.5   12.5
580   87.5   12.5
581   87.5   12.5
582   87.5   12.5
583   62.4602883760352   37.49999999999999
584   87.5   12.5
585   87.5   12.5
586   87.5   12.5
587   87.5   12.5
588   87.5   12.5
589   87.5   12.5
590   87.5   12.5
591   87.5   12.5
592   62.46078708545217   37.49999999999999
593   87.5   12.5
594   87.5   12.5
595   87.5   12.5
596   87.5   12.5
597   60.37622198235446   14.01774303161912
598   60.36226629172155   14.032513820154918
599   60.362870357886514   14.031874472822068
600   60.39595610678676   13.996856313319338
601   60.56232595118513   13.820769449904153
602   60.50046242106767   13.886246189499415
603   60.498750535996656   13.888058059155075
604   60.5064006983488   13.879961080414258
605   12.5   37.5
606   60.516984901649565   13.868758694743224
607   60.516984901649565   13.868758694743224
608   56.652011405907494   17.959470340889915
609   58.51317004529741   15.989608625184388
610   37.49999999999999   12.5
611   60.997849241544415   13.359808928957847
612   60.99784924154442   13.35980892895785
613   61.271585868847524   13.086710804925861
614   61.27260226096971   13.086710804925861
615   37.49999999999999   12.5
616   61.169550653278684   13.086710804925861
617   61.279277788432985   13.086710804925861
618   61.29548557769861   13.086710804925863
619   60.99784924154443   13.359808928957847
620   61.24675963747505   13.086710804925863
621   60.859515491377955   13.506222218333463
622   60.82013496362179   13.547902810374007
623   60.817646744792725   13.550536356439316
624   60.81895762576141   13.54914891198434
625   60.80667201549575   13.562152077219263
626   0.0   37.5
627   59.58170553303516   14.858664113190887
628   35.54000017655281   8.24524312896406
629   75.0   12.5
630   75.0   12.5
631   61.756728863651055   6.595730861987553
632   36.0129159401729   9.460887949260043
633   61.775806233804985   6.986287025782775
634   35.259036974822116   12.740953427405667
635   11.952586218665175   87.5
636   34.23105369980002   12.630157506589146
637   34.66597399487528   12.731013408640292
638   33.95005690646854   12.765592367959213
639   34.52653039399147   12.716929177648575
640   36.9587474674131   11.892177589852011
641   30.989714833025154   12.5
642   25.0   0.0
643   27.0   0.0
644   37.5   25.0
645   62.179834201664185   3.7094030918219145
646   62.18143418157082   3.6604361323051404
647   9.0   0.0
648   37.5   0.0
649   62.19194263551712   3.7643674274165337
650   62.21745654554239   3.9921932217152056
651   12.5   0.0
652   12.5   0.0
653   62.5   0.0
654   62.5   0.0
655   62.5   9.0
656   62.499999999999986   36.75
657   62.5   62.5
658   61.81074692339552   7.825084602387772
659   0.0   87.5
660   33.787838658512825   12.5
661   61.85966840332837   7.418806183643829
662   61.862868363141644   7.320872264610281
663   61.81396097411286   7.76739935337322
664   61.53842566420228   8.03694786278905
665   61.883885271034245   7.5287348548330675
666   61.93491309108478   7.984386443430411
667   75.0   12.5
668   61.781506696864454   8.71844525403454
669   75.0   12.5
670   62.499999999999986   62.5
671   62.499999999999986   62.5
672   75.0   12.5
673   75.0   12.5
674   39.51147856513129   87.01799485861181
675   12.5   87.5
676   75.0   12.5
677   61.81074692339553   12.5
678   54.22029102434369   5.0
679   52.11014551217184   2.5
680   57.305388839888046   12.5
681   nan   12.976856561546287
682   83.33333333333334   16.666666666666664
683   52.0   50.0
684   53.0   50.0
685   62.105312797296854   33.333333333333336
686   62.5   62.5
687   62.5   66.07142857142857
688   62.5   62.5
689   62.499999999999986   62.49999999999999
690   61.53842566420228   8.03694786278905
691   50.0   62.5
692   60.99519052586963   10.186109181739946
693   61.43965349088003   7.872218363479892
694   50.0   50.0
695   nan   37.5
696   nan   37.69741199066933
697   nan   40.519672301719766
698   83.33333333333334   16.666666666666664
699   79.16666666666667   20.833333333333332
700   nan   38.22384396578755
701   75.0   12.5
702   87.5   62.5
703   75.0   62.5
704   75.0   50.0
705   50.0   62.5
706   nan   37.532901998444885
707   75.0   62.5
708   87.5   12.5
709   61.53842566420228   8.03694786278905
710   nan   12.595371312309258
711   100.0   87.5
712   87.5   73.0
713   nan   14.636317395727362
714   nan   12.595371312309258
715   nan   37.96793953343841
716   nan   37.5
717   75.0   50.0
718   nan   37.730313989114215
719   44.61429946154025   85.57197943444729
720   43.83642994615403   85.54938544344472
721   43.10298200212224   96.12068965517241
722   41.16820533368704   99.35344827586209
723   38.82445533368704   99.35344827586206
724   43.83642994615402   82.03376044344473
725   43.83642994615402   82.03376044344472
726   43.83642994615403   82.03376044344469
727   43.83642994615403   82.0337604434447
728   43.83642994615403   82.03376044344469
729   7.301515217481759   91.91176470588235
730   75.0   12.5
731   38.44890484665041   37.499999999999986
732   38.59733948758965   37.5
733   38.61955827623112   37.49999999999999
734   38.71623445961622   37.49999999999999
735   38.665389543645844   37.5
736   38.63564166317651   37.49999999999999
737   38.662791757469144   37.49999999999999
738   62.49999999999991   61.58536585365852
739   62.49999999999991   63.29787234042553
740   38.81384430496129   87.5
741   38.81384430496129   87.50000000000001
742   38.81384430496129   87.50000000000001
743   0.0   87.5
744   38.81384430496129   87.5
745   38.81384430496129   87.5
746   38.8138443049613   87.5
747   37.5   12.5
748   40.12768860992261   87.5
749   0.0   87.5
750   87.5   75.0
751   21.59090909090909   100.0
752   23.863636363636363   100.0
