125
1
1 38 67
2 38 67
2 39 67
2 40 67
2 41 67
2 42 67
2 43 67
2 44 67
2 45 67
2 46 67
2 47 67
2 48 67
2 49 67
2 50 67
2 51 67
2 52 67
2 53 67
2 54 67
2 55 67
2 56 67
2 57 67
2 58 67
2 59 67
2 60 67
2 61 67
2 62 67
2 63 67
2 64 67
2 65 67
2 66 67
2 67 67
2 68 67
2 69 67
2 70 67
1 70 67
0
2
1 40 67
1 40 66
2 40 66
2 41 66
2 42 66
2 43 66
2 44 66
2 45 66
2 46 66
2 47 66
2 48 66
2 49 66
2 50 66
2 51 66
2 52 66
2 53 66
2 54 66
2 55 66
2 56 66
2 57 66
2 58 66
2 59 66
2 60 66
2 61 66
2 62 66
2 63 66
2 64 66
2 65 66
2 66 66
2 67 66
2 68 66
2 69 66
2 70 66
2 71 66
2 72 66
1 72 66
1 72 67
0
3
1 108 103
2 108 103
2 107 103
2 106 103
2 105 103
2 104 103
2 103 103
2 102 103
2 101 103
2 100 103
2 99 103
2 98 103
2 97 103
2 96 103
2 95 103
2 94 103
2 93 103
2 92 103
2 91 103
2 90 103
2 89 103
2 88 103
2 87 103
2 86 103
2 85 103
2 84 103
2 83 103
2 82 103
2 81 103
2 80 103
2 79 103
2 78 103
2 77 103
2 76 103
2 75 103
2 74 103
2 73 103
2 72 103
2 71 103
2 70 103
2 69 103
2 68 103
2 67 103
2 66 103
2 65 103
2 64 103
2 63 103
2 62 103
2 61 103
2 60 103
2 59 103
2 58 103
2 57 103
2 56 103
2 55 103
2 54 103
2 53 103
2 52 103
2 51 103
2 50 103
2 49 103
2 48 103
2 47 103
2 46 103
2 45 103
2 44 103
2 43 103
2 42 103
2 41 103
2 40 103
2 39 103
1 39 103
1 39 102
1 39 101
1 39 100
1 39 99
1 39 98
1 39 97
1 39 96
1 39 95
1 39 94
1 39 93
1 39 92
1 39 91
1 39 90
1 39 89
1 39 88
1 39 87
1 39 86
1 39 85
1 39 84
1 39 83
1 39 82
1 39 81
1 39 80
1 39 79
1 39 78
1 39 77
1 39 76
1 39 75
1 39 74
1 39 73
1 39 72
1 39 71
1 39 70
1 39 69
1 39 68
1 39 67
1 39 66
1 39 65
1 39 64
1 39 63
1 39 62
1 39 61
1 39 60
1 39 59
1 39 58
1 39 57
1 39 56
1 39 55
1 39 54
1 39 53
1 39 52
1 39 51
1 39 50
1 39 49
1 39 48
1 39 47
1 39 46
1 39 45
1 39 44
1 39 43
1 39 42
1 39 41
1 39 40
1 39 39
1 39 38
1 39 37
1 39 36
1 39 35
1 39 34
1 39 33
1 39 32
1 39 31
1 39 30
1 39 29
1 39 28
1 39 27
1 39 26
1 39 25
1 39 24
1 39 23
1 39 22
1 39 21
1 39 20
1 39 19
1 39 18
1 39 17
1 39 16
1 39 15
1 39 14
1 39 13
2 39 13
2 38 13
1 38 13
0
4
1 188 31
1 188 32
1 188 33
1 188 34
1 188 35
1 188 36
1 188 37
1 188 38
1 188 39
1 188 40
1 188 41
1 188 42
1 188 43
1 188 44
1 188 45
1 188 46
1 188 47
1 188 48
1 188 49
2 188 49
2 187 49
2 186 49
2 185 49
2 184 49
2 183 49
2 182 49
1 182 49
0
5
1 110 103
2 110 103
2 111 103
2 112 103
2 113 103
2 114 103
2 115 103
2 116 103
2 117 103
2 118 103
2 119 103
2 120 103
2 121 103
2 122 103
2 123 103
2 124 103
2 125 103
2 126 103
2 127 103
2 128 103
2 129 103
2 130 103
2 131 103
2 132 103
2 133 103
2 134 103
2 135 103
2 136 103
2 137 103
2 138 103
2 139 103
2 140 103
2 141 103
2 142 103
2 143 103
2 144 103
2 145 103
2 146 103
2 147 103
2 148 103
2 149 103
2 150 103
2 151 103
2 152 103
2 153 103
2 154 103
2 155 103
2 156 103
2 157 103
2 158 103
2 159 103
2 160 103
2 161 103
2 162 103
2 163 103
2 164 103
2 165 103
2 166 103
2 167 103
2 168 103
2 169 103
2 170 103
2 171 103
2 172 103
2 173 103
2 174 103
2 175 103
2 176 103
2 177 103
2 178 103
2 179 103
2 180 103
2 181 103
2 182 103
2 183 103
2 184 103
2 185 103
2 186 103
2 187 103
2 188 103
2 189 103
2 190 103
2 191 103
2 192 103
2 193 103
2 194 103
2 195 103
2 196 103
2 197 103
2 198 103
2 199 103
2 200 103
2 201 103
2 202 103
2 203 103
2 204 103
2 205 103
2 206 103
1 206 103
1 206 102
1 206 101
1 206 100
1 206 99
1 206 98
1 206 97
1 206 96
1 206 95
1 206 94
1 206 93
1 206 92
1 206 91
1 206 90
1 206 89
1 206 88
1 206 87
1 206 86
1 206 85
1 206 84
1 206 83
1 206 82
1 206 81
1 206 80
1 206 79
1 206 78
1 206 77
1 206 76
1 206 75
1 206 74
1 206 73
1 206 72
1 206 71
1 206 70
1 206 69
1 206 68
1 206 67
1 206 66
1 206 65
1 206 64
1 206 63
1 206 62
1 206 61
1 206 60
1 206 59
1 206 58
1 206 57
1 206 56
1 206 55
1 206 54
1 206 53
1 206 52
1 206 51
1 206 50
1 206 49
1 206 48
1 206 47
1 206 46
1 206 45
1 206 44
1 206 43
1 206 42
1 206 41
1 206 40
1 206 39
1 206 38
1 206 37
1 206 36
1 206 35
1 206 34
1 206 33
1 206 32
1 206 31
1 206 30
1 206 29
1 206 28
1 206 27
1 206 26
1 206 25
1 206 24
1 206 23
1 206 22
1 206 21
1 206 20
1 206 19
1 206 18
1 206 17
1 206 16
1 206 15
1 206 14
1 206 13
2 206 13
2 207 13
1 207 13
0
6
1 68 67
1 68 68
1 68 69
1 68 70
1 68 71
1 68 72
1 68 73
1 68 74
1 68 75
1 68 76
1 68 77
1 68 78
1 68 79
1 68 80
1 68 81
1 68 82
1 68 83
1 68 84
1 68 85
2 68 85
2 67 85
2 66 85
2 65 85
2 64 85
2 63 85
2 62 85
2 61 85
2 60 85
2 59 85
2 58 85
2 57 85
2 56 85
2 55 85
2 54 85
2 53 85
2 52 85
2 51 85
2 50 85
2 49 85
2 48 85
2 47 85
2 46 85
2 45 85
2 44 85
2 43 85
2 42 85
2 41 85
2 40 85
2 39 85
2 38 85
1 38 85
0
7
1 74 67
2 74 67
2 75 67
2 76 67
2 77 67
2 78 67
2 79 67
2 80 67
2 81 67
2 82 67
2 83 67
2 84 67
2 85 67
2 86 67
2 87 67
2 88 67
2 89 67
2 90 67
2 91 67
2 92 67
2 93 67
2 94 67
2 95 67
2 96 67
2 97 67
2 98 67
2 99 67
2 100 67
2 101 67
2 102 67
2 103 67
2 104 67
2 105 67
2 106 67
2 107 67
2 108 67
2 109 67
2 110 67
2 111 67
2 112 67
2 113 67
2 114 67
2 115 67
2 116 67
2 117 67
2 118 67
2 119 67
2 120 67
2 121 67
2 122 67
2 123 67
2 124 67
2 125 67
2 126 67
2 127 67
2 128 67
2 129 67
1 129 67
0
8
1 112 103
1 112 102
2 112 102
2 111 102
2 110 102
2 109 102
2 108 102
2 107 102
2 106 102
2 105 102
2 104 102
2 103 102
2 102 102
2 101 102
2 100 102
2 99 102
2 98 102
2 97 102
2 96 102
2 95 102
2 94 102
2 93 102
2 92 102
2 91 102
2 90 102
2 89 102
2 88 102
2 87 102
2 86 102
2 85 102
2 84 102
2 83 102
2 82 102
2 81 102
2 80 102
2 79 102
2 78 102
2 77 102
2 76 102
1 76 102
1 76 101
1 76 100
1 76 99
1 76 98
1 76 97
1 76 96
1 76 95
1 76 94
1 76 93
1 76 92
1 76 91
1 76 90
1 76 89
1 76 88
1 76 87
1 76 86
1 76 85
1 76 84
1 76 83
1 76 82
1 76 81
1 76 80
1 76 79
1 76 78
1 76 77
1 76 76
1 76 75
1 76 74
1 76 73
1 76 72
1 76 71
1 76 70
1 76 69
1 76 68
1 76 67
0
9
1 78 67
1 78 68
1 78 69
1 78 70
1 78 71
1 78 72
1 78 73
1 78 74
1 78 75
1 78 76
1 78 77
1 78 78
1 78 79
1 78 80
1 78 81
1 78 82
1 78 83
1 78 84
1 78 85
2 78 85
2 77 85
1 77 85
0
10
1 108 85
2 108 85
2 107 85
2 106 85
2 105 85
2 104 85
2 103 85
2 102 85
2 101 85
2 100 85
2 99 85
2 98 85
2 97 85
2 96 85
2 95 85
2 94 85
2 93 85
2 92 85
2 91 85
2 90 85
2 89 85
2 88 85
2 87 85
2 86 85
2 85 85
2 84 85
2 83 85
2 82 85
2 81 85
2 80 85
2 79 85
1 79 85
0
11
1 110 85
2 110 85
2 111 85
2 112 85
2 113 85
2 114 85
2 115 85
2 116 85
2 117 85
2 118 85
2 119 85
2 120 85
2 121 85
2 122 85
2 123 85
2 124 85
2 125 85
2 126 85
2 127 85
2 128 85
2 129 85
1 129 85
0
12
1 112 85
1 112 84
2 112 84
2 113 84
2 114 84
2 115 84
2 116 84
2 117 84
2 118 84
2 119 84
2 120 84
2 121 84
2 122 84
2 123 84
2 124 84
2 125 84
1 125 84
1 125 85
0
13
1 114 85
1 114 86
2 114 86
2 115 86
2 116 86
2 117 86
1 117 86
1 117 87
1 117 88
1 117 89
1 117 90
1 117 91
1 117 92
1 117 93
1 117 94
1 117 95
1 117 96
1 117 97
1 117 98
1 117 99
1 117 100
1 117 101
1 117 102
1 117 103
0
14
1 116 85
1 116 84
1 116 83
2 116 83
2 117 83
2 118 83
2 119 83
2 120 83
2 121 83
2 122 83
2 123 83
1 123 83
1 123 84
1 123 85
0
15
1 118 85
1 118 84
1 118 83
1 118 82
2 118 82
2 119 82
2 120 82
2 121 82
2 122 82
2 123 82
2 124 82
2 125 82
2 126 82
2 127 82
2 128 82
2 129 82
2 130 82
2 131 82
2 132 82
2 133 82
2 134 82
2 135 82
2 136 82
2 137 82
2 138 82
2 139 82
2 140 82
2 141 82
2 142 82
2 143 82
2 144 82
2 145 82
2 146 82
2 147 82
2 148 82
2 149 82
2 150 82
2 151 82
2 152 82
2 153 82
2 154 82
2 155 82
2 156 82
2 157 82
2 158 82
2 159 82
2 160 82
2 161 82
2 162 82
1 162 82
1 162 81
1 162 80
1 162 79
1 162 78
1 162 77
1 162 76
1 162 75
1 162 74
1 162 73
1 162 72
1 162 71
1 162 70
1 162 69
1 162 68
1 162 67
0
16
1 121 85
1 121 84
1 121 83
1 121 82
1 121 81
1 121 80
1 121 79
1 121 78
1 121 77
1 121 76
1 121 75
1 121 74
1 121 73
1 121 72
1 121 71
1 121 70
1 121 69
1 121 68
1 121 67
1 121 66
1 121 65
1 121 64
1 121 63
1 121 62
1 121 61
1 121 60
1 121 59
1 121 58
1 121 57
1 121 56
1 121 55
1 121 54
1 121 53
1 121 52
1 121 51
1 121 50
1 121 49
1 121 48
1 121 47
1 121 46
1 121 45
1 121 44
1 121 43
1 121 42
1 121 41
1 121 40
1 121 39
1 121 38
1 121 37
1 121 36
1 121 35
1 121 34
1 121 33
1 121 32
1 121 31
2 121 31
2 120 31
2 119 31
2 118 31
2 117 31
2 116 31
2 115 31
2 114 31
2 113 31
2 112 31
2 111 31
2 110 31
2 109 31
2 108 31
2 107 31
2 106 31
2 105 31
2 104 31
2 103 31
2 102 31
2 101 31
2 100 31
2 99 31
2 98 31
2 97 31
2 96 31
2 95 31
2 94 31
2 93 31
2 92 31
2 91 31
2 90 31
2 89 31
2 88 31
2 87 31
2 86 31
2 85 31
2 84 31
2 83 31
2 82 31
2 81 31
2 80 31
2 79 31
2 78 31
2 77 31
2 76 31
2 75 31
2 74 31
2 73 31
2 72 31
2 71 31
2 70 31
2 69 31
2 68 31
2 67 31
2 66 31
2 65 31
2 64 31
2 63 31
2 62 31
2 61 31
2 60 31
2 59 31
2 58 31
2 57 31
2 56 31
2 55 31
2 54 31
2 53 31
2 52 31
2 51 31
2 50 31
2 49 31
2 48 31
2 47 31
2 46 31
2 45 31
2 44 31
2 43 31
2 42 31
2 41 31
2 40 31
2 39 31
2 38 31
2 37 31
2 36 31
2 35 31
2 34 31
2 33 31
2 32 31
2 31 31
2 30 31
2 29 31
2 28 31
2 27 31
2 26 31
2 25 31
2 24 31
2 23 31
2 22 31
2 21 31
2 20 31
2 19 31
2 18 31
2 17 31
2 16 31
2 15 31
2 14 31
2 13 31
2 12 31
1 12 31
0
17
1 127 85
1 127 86
1 127 87
2 127 87
2 126 87
2 125 87
2 124 87
2 123 87
2 122 87
2 121 87
2 120 87
2 119 87
2 118 87
2 117 87
2 116 87
2 115 87
2 114 87
2 113 87
2 112 87
2 111 87
2 110 87
2 109 87
2 108 87
2 107 87
2 106 87
2 105 87
2 104 87
2 103 87
2 102 87
2 101 87
2 100 87
2 99 87
2 98 87
2 97 87
2 96 87
2 95 87
2 94 87
2 93 87
2 92 87
2 91 87
2 90 87
2 89 87
2 88 87
2 87 87
2 86 87
2 85 87
2 84 87
2 83 87
2 82 87
2 81 87
2 80 87
2 79 87
2 78 87
2 77 87
2 76 87
2 75 87
2 74 87
2 73 87
2 72 87
2 71 87
2 70 87
2 69 87
2 68 87
2 67 87
2 66 87
2 65 87
2 64 87
2 63 87
2 62 87
2 61 87
2 60 87
2 59 87
2 58 87
2 57 87
2 56 87
2 55 87
2 54 87
2 53 87
2 52 87
2 51 87
2 50 87
2 49 87
1 49 87
1 49 86
1 49 85
0
18
1 131 85
1 131 84
1 131 83
1 131 82
1 131 81
1 131 80
1 131 79
1 131 78
1 131 77
1 131 76
1 131 75
1 131 74
1 131 73
1 131 72
1 131 71
1 131 70
1 131 69
1 131 68
1 131 67
2 131 67
2 132 67
2 133 67
2 134 67
2 135 67
2 136 67
2 137 67
2 138 67
2 139 67
2 140 67
2 141 67
2 142 67
2 143 67
2 144 67
2 145 67
2 146 67
2 147 67
2 148 67
2 149 67
2 150 67
2 151 67
2 152 67
2 153 67
2 154 67
2 155 67
2 156 67
2 157 67
2 158 67
2 159 67
2 160 67
2 161 67
2 162 67
2 163 67
2 164 67
1 164 67
0
19
1 133 85
1 133 84
1 133 83
1 133 82
1 133 81
1 133 80
1 133 79
1 133 78
1 133 77
1 133 76
1 133 75
1 133 74
1 133 73
1 133 72
1 133 71
1 133 70
1 133 69
1 133 68
1 133 67
1 133 66
1 133 65
1 133 64
1 133 63
1 133 62
1 133 61
1 133 60
1 133 59
1 133 58
1 133 57
1 133 56
1 133 55
1 133 54
1 133 53
1 133 52
1 133 51
1 133 50
1 133 49
2 133 49
2 132 49
2 131 49
2 130 49
2 129 49
2 128 49
2 127 49
2 126 49
2 125 49
2 124 49
2 123 49
2 122 49
2 121 49
2 120 49
2 119 49
2 118 49
2 117 49
2 116 49
2 115 49
2 114 49
2 113 49
2 112 49
2 111 49
2 110 49
2 109 49
2 108 49
2 107 49
2 106 49
2 105 49
2 104 49
2 103 49
2 102 49
2 101 49
2 100 49
2 99 49
2 98 49
2 97 49
2 96 49
2 95 49
2 94 49
2 93 49
2 92 49
2 91 49
2 90 49
2 89 49
2 88 49
2 87 49
2 86 49
2 85 49
2 84 49
2 83 49
2 82 49
2 81 49
2 80 49
2 79 49
2 78 49
2 77 49
2 76 49
2 75 49
2 74 49
2 73 49
2 72 49
2 71 49
2 70 49
2 69 49
2 68 49
2 67 49
2 66 49
2 65 49
2 64 49
2 63 49
2 62 49
2 61 49
2 60 49
2 59 49
2 58 49
2 57 49
2 56 49
2 55 49
2 54 49
2 53 49
2 52 49
2 51 49
2 50 49
2 49 49
2 48 49
2 47 49
2 46 49
2 45 49
2 44 49
2 43 49
2 42 49
2 41 49
2 40 49
2 39 49
2 38 49
2 37 49
2 36 49
2 35 49
2 34 49
2 33 49
2 32 49
2 31 49
2 30 49
2 29 49
2 28 49
2 27 49
2 26 49
2 25 49
2 24 49
2 23 49
2 22 49
2 21 49
2 20 49
2 19 49
2 18 49
2 17 49
2 16 49
2 15 49
2 14 49
2 13 49
2 12 49
2 11 49
2 10 49
1 10 49
0
20
1 40 13
2 40 13
2 41 13
2 42 13
2 43 13
2 44 13
2 45 13
2 46 13
2 47 13
1 47 13
0
21
1 42 13
1 42 12
2 42 12
2 43 12
2 44 12
2 45 12
2 46 12
2 47 12
2 48 12
2 49 12
2 50 12
2 51 12
2 52 12
2 53 12
2 54 12
2 55 12
2 56 12
2 57 12
2 58 12
2 59 12
2 60 12
2 61 12
2 62 12
2 63 12
2 64 12
2 65 12
2 66 12
2 67 12
2 68 12
2 69 12
2 70 12
2 71 12
2 72 12
2 73 12
2 74 12
2 75 12
2 76 12
2 77 12
2 78 12
2 79 12
2 80 12
2 81 12
2 82 12
2 83 12
2 84 12
2 85 12
2 86 12
2 87 12
2 88 12
2 89 12
2 90 12
2 91 12
2 92 12
2 93 12
2 94 12
2 95 12
2 96 12
2 97 12
2 98 12
2 99 12
2 100 12
2 101 12
2 102 12
2 103 12
2 104 12
2 105 12
1 105 12
1 105 13
0
22
1 182 13
2 182 13
2 183 13
2 184 13
2 185 13
2 186 13
2 187 13
2 188 13
2 189 13
1 189 13
0
23
1 68 103
1 68 102
1 68 101
2 68 101
2 69 101
2 70 101
2 71 101
2 72 101
2 73 101
2 74 101
2 75 101
2 76 101
2 77 101
2 78 101
2 79 101
2 80 101
2 81 101
2 82 101
2 83 101
2 84 101
2 85 101
2 86 101
2 87 101
2 88 101
2 89 101
2 90 101
2 91 101
2 92 101
2 93 101
2 94 101
2 95 101
2 96 101
2 97 101
2 98 101
2 99 101
2 100 101
2 101 101
2 102 101
2 103 101
2 104 101
2 105 101
2 106 101
2 107 101
2 108 101
2 109 101
2 110 101
2 111 101
2 112 101
2 113 101
2 114 101
2 115 101
2 116 101
2 117 101
2 118 101
2 119 101
2 120 101
2 121 101
2 122 101
2 123 101
2 124 101
2 125 101
2 126 101
2 127 101
2 128 101
2 129 101
2 130 101
2 131 101
2 132 101
2 133 101
2 134 101
2 135 101
2 136 101
2 137 101
2 138 101
2 139 101
2 140 101
2 141 101
2 142 101
2 143 101
2 144 101
2 145 101
2 146 101
2 147 101
2 148 101
2 149 101
2 150 101
2 151 101
2 152 101
2 153 101
2 154 101
2 155 101
2 156 101
2 157 101
2 158 101
2 159 101
2 160 101
2 161 101
2 162 101
2 163 101
2 164 101
2 165 101
2 166 101
2 167 101
2 168 101
2 169 101
2 170 101
2 171 101
2 172 101
2 173 101
2 174 101
2 175 101
2 176 101
2 177 101
2 178 101
2 179 101
2 180 101
2 181 101
2 182 101
2 183 101
2 184 101
1 184 101
1 184 100
1 184 99
1 184 98
1 184 97
1 184 96
1 184 95
1 184 94
1 184 93
1 184 92
1 184 91
1 184 90
1 184 89
1 184 88
1 184 87
1 184 86
1 184 85
0
24
1 45 13
1 45 14
2 45 14
2 46 14
2 47 14
2 48 14
2 49 14
2 50 14
2 51 14
2 52 14
2 53 14
2 54 14
2 55 14
2 56 14
2 57 14
2 58 14
2 59 14
2 60 14
2 61 14
2 62 14
2 63 14
2 64 14
2 65 14
2 66 14
2 67 14
2 68 14
2 69 14
2 70 14
2 71 14
2 72 14
1 72 14
1 72 15
1 72 16
1 72 17
1 72 18
1 72 19
1 72 20
1 72 21
1 72 22
1 72 23
1 72 24
1 72 25
1 72 26
1 72 27
1 72 28
1 72 29
1 72 30
1 72 31
0
25
1 49 13
1 49 12
1 49 11
2 49 11
2 48 11
2 47 11
2 46 11
2 45 11
2 44 11
2 43 11
2 42 11
2 41 11
2 40 11
2 39 11
2 38 11
2 37 11
2 36 11
2 35 11
2 34 11
2 33 11
2 32 11
2 31 11
2 30 11
2 29 11
2 28 11
2 27 11
2 26 11
2 25 11
2 24 11
2 23 11
2 22 11
2 21 11
2 20 11
2 19 11
2 18 11
2 17 11
2 16 11
2 15 11
2 14 11
2 13 11
2 12 11
2 11 11
2 10 11
1 10 11
1 10 12
1 10 13
0
26
1 51 13
1 51 14
1 51 15
2 51 15
2 50 15
2 49 15
2 48 15
2 47 15
2 46 15
2 45 15
2 44 15
2 43 15
2 42 15
1 42 15
1 42 16
1 42 17
1 42 18
1 42 19
1 42 20
1 42 21
1 42 22
1 42 23
1 42 24
1 42 25
1 42 26
1 42 27
1 42 28
1 42 29
1 42 30
1 42 31
0
27
1 53 13
2 53 13
2 54 13
2 55 13
2 56 13
2 57 13
2 58 13
2 59 13
2 60 13
2 61 13
2 62 13
2 63 13
2 64 13
2 65 13
2 66 13
2 67 13
2 68 13
2 69 13
2 70 13
2 71 13
2 72 13
2 73 13
2 74 13
2 75 13
1 75 13
1 75 14
1 75 15
1 75 16
1 75 17
1 75 18
1 75 19
1 75 20
1 75 21
1 75 22
1 75 23
1 75 24
1 75 25
1 75 26
1 75 27
1 75 28
1 75 29
1 75 30
1 75 31
0
28
1 187 13
1 187 12
2 187 12
2 186 12
2 185 12
2 184 12
2 183 12
2 182 12
2 181 12
2 180 12
2 179 12
2 178 12
2 177 12
2 176 12
2 175 12
2 174 12
2 173 12
2 172 12
2 171 12
2 170 12
2 169 12
2 168 12
2 167 12
2 166 12
2 165 12
2 164 12
2 163 12
2 162 12
2 161 12
2 160 12
2 159 12
2 158 12
2 157 12
2 156 12
2 155 12
2 154 12
2 153 12
2 152 12
2 151 12
2 150 12
2 149 12
2 148 12
2 147 12
2 146 12
2 145 12
2 144 12
2 143 12
2 142 12
2 141 12
2 140 12
2 139 12
2 138 12
2 137 12
2 136 12
2 135 12
2 134 12
2 133 12
2 132 12
2 131 12
2 130 12
2 129 12
2 128 12
2 127 12
2 126 12
2 125 12
2 124 12
2 123 12
2 122 12
2 121 12
2 120 12
2 119 12
2 118 12
2 117 12
2 116 12
2 115 12
2 114 12
2 113 12
2 112 12
2 111 12
2 110 12
2 109 12
2 108 12
1 108 12
1 108 13
0
29
1 191 13
1 191 14
2 191 14
2 190 14
2 189 14
2 188 14
2 187 14
2 186 14
2 185 14
2 184 14
2 183 14
2 182 14
2 181 14
2 180 14
2 179 14
2 178 14
2 177 14
2 176 14
2 175 14
2 174 14
2 173 14
2 172 14
2 171 14
2 170 14
1 170 14
1 170 15
1 170 16
1 170 17
1 170 18
1 170 19
1 170 20
1 170 21
1 170 22
1 170 23
1 170 24
1 170 25
1 170 26
1 170 27
1 170 28
1 170 29
1 170 30
1 170 31
1 170 32
1 170 33
1 170 34
1 170 35
1 170 36
1 170 37
1 170 38
1 170 39
1 170 40
1 170 41
1 170 42
1 170 43
1 170 44
1 170 45
1 170 46
1 170 47
1 170 48
1 170 49
0
30
1 193 13
1 193 14
1 193 15
2 193 15
2 192 15
2 191 15
2 190 15
2 189 15
2 188 15
2 187 15
2 186 15
2 185 15
2 184 15
2 183 15
2 182 15
2 181 15
2 180 15
2 179 15
2 178 15
2 177 15
2 176 15
2 175 15
2 174 15
2 173 15
2 172 15
2 171 15
2 170 15
2 169 15
2 168 15
2 167 15
2 166 15
2 165 15
2 164 15
2 163 15
2 162 15
2 161 15
2 160 15
2 159 15
2 158 15
2 157 15
2 156 15
2 155 15
2 154 15
2 153 15
2 152 15
2 151 15
2 150 15
2 149 15
2 148 15
2 147 15
2 146 15
2 145 15
2 144 15
2 143 15
2 142 15
2 141 15
2 140 15
2 139 15
2 138 15
2 137 15
2 136 15
2 135 15
2 134 15
2 133 15
2 132 15
2 131 15
2 130 15
2 129 15
2 128 15
2 127 15
2 126 15
2 125 15
2 124 15
2 123 15
2 122 15
2 121 15
2 120 15
2 119 15
1 119 15
1 119 16
1 119 17
1 119 18
1 119 19
1 119 20
1 119 21
1 119 22
1 119 23
1 119 24
1 119 25
1 119 26
1 119 27
1 119 28
1 119 29
1 119 30
1 119 31
0
31
1 195 13
1 195 14
1 195 15
1 195 16
1 195 17
1 195 18
1 195 19
1 195 20
1 195 21
1 195 22
1 195 23
1 195 24
1 195 25
1 195 26
1 195 27
1 195 28
1 195 29
1 195 30
1 195 31
2 195 31
2 194 31
2 193 31
2 192 31
2 191 31
2 190 31
2 189 31
2 188 31
2 187 31
2 186 31
2 185 31
2 184 31
2 183 31
2 182 31
1 182 31
0
32
1 182 85
1 182 84
2 182 84
2 181 84
2 180 84
2 179 84
2 178 84
2 177 84
2 176 84
2 175 84
2 174 84
2 173 84
2 172 84
2 171 84
2 170 84
2 169 84
2 168 84
2 167 84
2 166 84
2 165 84
2 164 84
2 163 84
2 162 84
2 161 84
2 160 84
2 159 84
2 158 84
2 157 84
2 156 84
2 155 84
2 154 84
2 153 84
2 152 84
2 151 84
2 150 84
2 149 84
2 148 84
1 148 84
1 148 83
1 148 82
1 148 81
1 148 80
1 148 79
1 148 78
1 148 77
1 148 76
1 148 75
1 148 74
1 148 73
1 148 72
1 148 71
1 148 70
1 148 69
1 148 68
1 148 67
0
33
1 186 85
1 186 86
1 186 87
1 186 88
1 186 89
1 186 90
1 186 91
1 186 92
1 186 93
1 186 94
1 186 95
1 186 96
1 186 97
1 186 98
1 186 99
1 186 100
1 186 101
1 186 102
2 186 102
2 185 102
2 184 102
1 184 102
1 184 103
0
34
1 188 85
1 188 84
2 188 84
2 189 84
2 190 84
2 191 84
2 192 84
2 193 84
1 193 84
1 193 83
1 193 82
1 193 81
1 193 80
1 193 79
1 193 78
1 193 77
1 193 76
1 193 75
1 193 74
1 193 73
1 193 72
1 193 71
1 193 70
1 193 69
1 193 68
1 193 67
1 193 66
1 193 65
1 193 64
1 193 63
1 193 62
1 193 61
1 193 60
1 193 59
1 193 58
1 193 57
1 193 56
1 193 55
1 193 54
1 193 53
1 193 52
1 193 51
1 193 50
1 193 49
0
35
1 190 85
1 190 84
1 190 83
1 190 82
1 190 81
1 190 80
1 190 79
1 190 78
1 190 77
1 190 76
1 190 75
1 190 74
1 190 73
1 190 72
1 190 71
1 190 70
1 190 69
1 190 68
1 190 67
1 190 66
1 190 65
1 190 64
1 190 63
1 190 62
1 190 61
1 190 60
1 190 59
1 190 58
1 190 57
1 190 56
1 190 55
1 190 54
1 190 53
1 190 52
1 190 51
1 190 50
1 190 49
1 190 48
1 190 47
1 190 46
1 190 45
1 190 44
1 190 43
1 190 42
1 190 41
1 190 40
1 190 39
1 190 38
1 190 37
1 190 36
1 190 35
1 190 34
1 190 33
1 190 32
1 190 31
1 190 30
1 190 29
1 190 28
1 190 27
1 190 26
1 190 25
1 190 24
1 190 23
1 190 22
1 190 21
1 190 20
1 190 19
1 190 18
1 190 17
1 190 16
1 190 15
1 190 14
1 190 13
2 190 13
2 191 13
2 192 13
2 193 13
2 194 13
2 195 13
2 196 13
2 197 13
2 198 13
2 199 13
2 200 13
1 200 13
0
36
1 68 13
1 68 12
1 68 11
1 68 10
2 68 10
2 67 10
2 66 10
2 65 10
2 64 10
2 63 10
2 62 10
2 61 10
2 60 10
2 59 10
2 58 10
2 57 10
2 56 10
2 55 10
2 54 10
2 53 10
2 52 10
2 51 10
2 50 10
2 49 10
2 48 10
2 47 10
2 46 10
2 45 10
2 44 10
2 43 10
2 42 10
2 41 10
2 40 10
2 39 10
2 38 10
2 37 10
2 36 10
2 35 10
2 34 10
2 33 10
2 32 10
2 31 10
2 30 10
2 29 10
2 28 10
2 27 10
2 26 10
2 25 10
2 24 10
2 23 10
2 22 10
2 21 10
2 20 10
2 19 10
2 18 10
2 17 10
2 16 10
2 15 10
2 14 10
1 14 10
1 14 11
1 14 12
1 14 13
0
37
1 70 13
1 70 12
1 70 11
2 70 11
2 71 11
2 72 11
2 73 11
2 74 11
2 75 11
2 76 11
2 77 11
2 78 11
2 79 11
2 80 11
2 81 11
2 82 11
2 83 11
2 84 11
2 85 11
2 86 11
2 87 11
2 88 11
2 89 11
1 89 11
1 89 12
1 89 13
0
38
1 72 13
1 72 12
1 72 11
1 72 10
2 72 10
2 73 10
2 74 10
2 75 10
2 76 10
2 77 10
2 78 10
2 79 10
2 80 10
2 81 10
2 82 10
2 83 10
2 84 10
2 85 10
1 85 10
1 85 11
1 85 12
1 85 13
0
39
1 74 13
1 74 14
1 74 15
1 74 16
2 74 16
2 73 16
2 72 16
2 71 16
2 70 16
2 69 16
2 68 16
2 67 16
2 66 16
2 65 16
2 64 16
2 63 16
2 62 16
2 61 16
2 60 16
2 59 16
2 58 16
2 57 16
2 56 16
2 55 16
2 54 16
2 53 16
2 52 16
2 51 16
2 50 16
2 49 16
2 48 16
2 47 16
2 46 16
2 45 16
2 44 16
2 43 16
2 42 16
2 41 16
2 40 16
2 39 16
2 38 16
2 37 16
2 36 16
2 35 16
2 34 16
2 33 16
2 32 16
2 31 16
2 30 16
2 29 16
2 28 16
2 27 16
2 26 16
2 25 16
2 24 16
2 23 16
2 22 16
2 21 16
2 20 16
2 19 16
2 18 16
2 17 16
1 17 16
1 17 15
1 17 14
1 17 13
0
40
1 76 13
2 76 13
2 77 13
2 78 13
2 79 13
2 80 13
2 81 13
2 82 13
2 83 13
1 83 13
0
41
1 78 13
1 78 14
2 78 14
2 79 14
2 80 14
2 81 14
2 82 14
2 83 14
2 84 14
2 85 14
2 86 14
2 87 14
2 88 14
2 89 14
2 90 14
2 91 14
2 92 14
2 93 14
2 94 14
2 95 14
2 96 14
2 97 14
2 98 14
2 99 14
2 100 14
2 101 14
2 102 14
2 103 14
2 104 14
2 105 14
2 106 14
2 107 14
2 108 14
2 109 14
2 110 14
2 111 14
2 112 14
2 113 14
2 114 14
2 115 14
2 116 14
2 117 14
2 118 14
2 119 14
2 120 14
2 121 14
2 122 14
2 123 14
2 124 14
2 125 14
2 126 14
2 127 14
2 128 14
2 129 14
2 130 14
2 131 14
2 132 14
2 133 14
2 134 14
2 135 14
2 136 14
2 137 14
2 138 14
2 139 14
2 140 14
2 141 14
2 142 14
2 143 14
2 144 14
2 145 14
2 146 14
2 147 14
2 148 14
2 149 14
2 150 14
2 151 14
2 152 14
2 153 14
2 154 14
2 155 14
2 156 14
2 157 14
1 157 14
1 157 15
1 157 16
1 157 17
1 157 18
1 157 19
1 157 20
1 157 21
1 157 22
1 157 23
1 157 24
1 157 25
1 157 26
1 157 27
1 157 28
1 157 29
1 157 30
1 157 31
0
42
1 81 13
1 81 14
1 81 15
2 81 15
2 80 15
2 79 15
2 78 15
2 77 15
2 76 15
2 75 15
2 74 15
2 73 15
2 72 15
2 71 15
2 70 15
2 69 15
2 68 15
2 67 15
2 66 15
2 65 15
1 65 15
1 65 14
1 65 13
0
43
1 42 67
1 42 66
1 42 65
2 42 65
2 43 65
2 44 65
2 45 65
2 46 65
2 47 65
2 48 65
2 49 65
2 50 65
2 51 65
2 52 65
2 53 65
2 54 65
2 55 65
2 56 65
2 57 65
2 58 65
2 59 65
2 60 65
2 61 65
2 62 65
2 63 65
2 64 65
2 65 65
2 66 65
2 67 65
2 68 65
2 69 65
2 70 65
2 71 65
2 72 65
2 73 65
2 74 65
2 75 65
2 76 65
2 77 65
2 78 65
2 79 65
2 80 65
2 81 65
2 82 65
2 83 65
2 84 65
2 85 65
2 86 65
2 87 65
1 87 65
1 87 64
1 87 63
1 87 62
1 87 61
1 87 60
1 87 59
1 87 58
1 87 57
1 87 56
1 87 55
1 87 54
1 87 53
1 87 52
1 87 51
1 87 50
1 87 49
1 87 48
1 87 47
1 87 46
1 87 45
1 87 44
1 87 43
1 87 42
1 87 41
1 87 40
1 87 39
1 87 38
1 87 37
1 87 36
1 87 35
1 87 34
1 87 33
1 87 32
1 87 31
1 87 30
1 87 29
1 87 28
1 87 27
1 87 26
1 87 25
1 87 24
1 87 23
1 87 22
1 87 21
1 87 20
1 87 19
1 87 18
1 87 17
1 87 16
1 87 15
1 87 14
1 87 13
0
44
1 91 13
1 91 14
1 91 15
2 91 15
2 92 15
2 93 15
2 94 15
2 95 15
2 96 15
2 97 15
2 98 15
2 99 15
2 100 15
2 101 15
2 102 15
2 103 15
2 104 15
2 105 15
2 106 15
2 107 15
2 108 15
2 109 15
2 110 15
1 110 15
1 110 16
1 110 17
1 110 18
1 110 19
1 110 20
1 110 21
1 110 22
1 110 23
1 110 24
1 110 25
1 110 26
1 110 27
1 110 28
1 110 29
1 110 30
1 110 31
0
45
1 93 13
2 93 13
2 94 13
2 95 13
2 96 13
2 97 13
2 98 13
2 99 13
2 100 13
2 101 13
2 102 13
2 103 13
2 104 13
2 105 13
2 106 13
2 107 13
2 108 13
2 109 13
2 110 13
2 111 13
2 112 13
2 113 13
2 114 13
2 115 13
2 116 13
2 117 13
2 118 13
2 119 13
2 120 13
2 121 13
2 122 13
2 123 13
2 124 13
1 124 13
0
46
1 108 49
1 108 48
2 108 48
2 109 48
2 110 48
2 111 48
1 111 48
1 111 47
1 111 46
1 111 45
1 111 44
1 111 43
1 111 42
1 111 41
1 111 40
1 111 39
1 111 38
1 111 37
1 111 36
1 111 35
1 111 34
1 111 33
1 111 32
1 111 31
1 111 30
2 111 30
2 112 30
1 112 30
1 112 29
1 112 28
1 112 27
1 112 26
1 112 25
1 112 24
1 112 23
1 112 22
1 112 21
1 112 20
1 112 19
1 112 18
1 112 17
1 112 16
1 112 15
1 112 14
1 112 13
0
47
1 110 49
1 110 50
2 110 50
2 111 50
2 112 50
2 113 50
2 114 50
2 115 50
2 116 50
2 117 50
2 118 50
2 119 50
2 120 50
2 121 50
2 122 50
2 123 50
2 124 50
2 125 50
2 126 50
2 127 50
2 128 50
2 129 50
2 130 50
2 131 50
2 132 50
2 133 50
2 134 50
2 135 50
2 136 50
2 137 50
2 138 50
2 139 50
2 140 50
2 141 50
2 142 50
2 143 50
2 144 50
2 145 50
2 146 50
2 147 50
2 148 50
2 149 50
2 150 50
2 151 50
2 152 50
2 153 50
2 154 50
2 155 50
2 156 50
1 156 50
1 156 49
0
48
1 112 49
1 112 48
2 112 48
2 113 48
2 114 48
2 115 48
2 116 48
2 117 48
2 118 48
2 119 48
2 120 48
2 121 48
2 122 48
2 123 48
2 124 48
2 125 48
2 126 48
2 127 48
2 128 48
2 129 48
2 130 48
2 131 48
2 132 48
2 133 48
2 134 48
2 135 48
2 136 48
2 137 48
2 138 48
2 139 48
2 140 48
2 141 48
2 142 48
2 143 48
2 144 48
2 145 48
2 146 48
2 147 48
2 148 48
2 149 48
2 150 48
2 151 48
2 152 48
1 152 48
1 152 49
0
49
1 114 49
1 114 48
1 114 47
2 114 47
2 113 47
2 112 47
2 111 47
2 110 47
2 109 47
2 108 47
2 107 47
2 106 47
2 105 47
2 104 47
2 103 47
2 102 47
2 101 47
2 100 47
2 99 47
2 98 47
2 97 47
2 96 47
2 95 47
2 94 47
2 93 47
2 92 47
2 91 47
2 90 47
2 89 47
2 88 47
1 88 47
1 88 48
1 88 49
0
50
1 116 49
1 116 48
1 116 47
2 116 47
2 117 47
2 118 47
2 119 47
2 120 47
2 121 47
2 122 47
2 123 47
2 124 47
2 125 47
2 126 47
2 127 47
2 128 47
2 129 47
2 130 47
2 131 47
2 132 47
2 133 47
2 134 47
2 135 47
2 136 47
2 137 47
2 138 47
2 139 47
2 140 47
2 141 47
2 142 47
2 143 47
2 144 47
2 145 47
2 146 47
2 147 47
2 148 47
2 149 47
2 150 47
1 150 47
1 150 48
1 150 49
0
51
1 148 49
1 148 48
1 148 47
1 148 46
1 148 45
1 148 44
1 148 43
1 148 42
1 148 41
1 148 40
1 148 39
1 148 38
1 148 37
1 148 36
1 148 35
1 148 34
1 148 33
1 148 32
1 148 31
0
52
1 158 49
1 158 48
1 158 47
1 158 46
1 158 45
1 158 44
1 158 43
1 158 42
1 158 41
1 158 40
1 158 39
1 158 38
1 158 37
1 158 36
1 158 35
1 158 34
1 158 33
1 158 32
1 158 31
1 158 30
1 158 29
1 158 28
1 158 27
1 158 26
1 158 25
1 158 24
1 158 23
1 158 22
1 158 21
1 158 20
1 158 19
1 158 18
1 158 17
1 158 16
1 158 15
1 158 14
1 158 13
2 158 13
2 159 13
2 160 13
2 161 13
2 162 13
1 162 13
0
53
1 160 49
1 160 48
1 160 47
1 160 46
1 160 45
1 160 44
1 160 43
1 160 42
1 160 41
1 160 40
1 160 39
1 160 38
1 160 37
1 160 36
1 160 35
1 160 34
1 160 33
1 160 32
1 160 31
2 160 31
2 159 31
1 159 31
0
54
1 68 49
1 68 48
2 68 48
2 67 48
2 66 48
2 65 48
2 64 48
2 63 48
2 62 48
2 61 48
2 60 48
2 59 48
2 58 48
2 57 48
2 56 48
2 55 48
2 54 48
2 53 48
2 52 48
2 51 48
2 50 48
2 49 48
2 48 48
2 47 48
2 46 48
2 45 48
2 44 48
2 43 48
2 42 48
2 41 48
2 40 48
2 39 48
2 38 48
1 38 48
1 38 49
0
55
1 70 49
1 70 48
1 70 47
1 70 46
2 70 46
2 71 46
2 72 46
2 73 46
2 74 46
2 75 46
2 76 46
2 77 46
2 78 46
2 79 46
2 80 46
2 81 46
2 82 46
2 83 46
2 84 46
2 85 46
2 86 46
2 87 46
2 88 46
2 89 46
2 90 46
2 91 46
2 92 46
2 93 46
2 94 46
2 95 46
2 96 46
2 97 46
2 98 46
2 99 46
2 100 46
2 101 46
2 102 46
2 103 46
2 104 46
2 105 46
2 106 46
2 107 46
2 108 46
2 109 46
2 110 46
2 111 46
2 112 46
2 113 46
2 114 46
2 115 46
2 116 46
2 117 46
2 118 46
2 119 46
2 120 46
2 121 46
2 122 46
2 123 46
2 124 46
2 125 46
2 126 46
2 127 46
2 128 46
2 129 46
2 130 46
2 131 46
2 132 46
2 133 46
2 134 46
2 135 46
2 136 46
2 137 46
2 138 46
2 139 46
2 140 46
2 141 46
2 142 46
2 143 46
2 144 46
2 145 46
2 146 46
2 147 46
2 148 46
2 149 46
2 150 46
2 151 46
2 152 46
2 153 46
2 154 46
2 155 46
2 156 46
2 157 46
2 158 46
2 159 46
2 160 46
2 161 46
2 162 46
2 163 46
2 164 46
2 165 46
2 166 46
2 167 46
2 168 46
2 169 46
2 170 46
2 171 46
2 172 46
2 173 46
2 174 46
2 175 46
2 176 46
2 177 46
2 178 46
2 179 46
2 180 46
2 181 46
2 182 46
2 183 46
2 184 46
2 185 46
2 186 46
2 187 46
2 188 46
2 189 46
2 190 46
2 191 46
2 192 46
1 192 46
1 192 45
1 192 44
1 192 43
1 192 42
1 192 41
1 192 40
1 192 39
1 192 38
1 192 37
1 192 36
1 192 35
1 192 34
1 192 33
1 192 32
1 192 31
0
56
1 72 49
1 72 48
1 72 47
1 72 46
1 72 45
2 72 45
2 73 45
2 74 45
2 75 45
2 76 45
2 77 45
2 78 45
2 79 45
2 80 45
2 81 45
2 82 45
2 83 45
2 84 45
2 85 45
2 86 45
2 87 45
2 88 45
2 89 45
2 90 45
2 91 45
2 92 45
2 93 45
2 94 45
2 95 45
2 96 45
2 97 45
2 98 45
2 99 45
2 100 45
2 101 45
2 102 45
2 103 45
2 104 45
2 105 45
2 106 45
2 107 45
2 108 45
2 109 45
2 110 45
2 111 45
2 112 45
2 113 45
2 114 45
2 115 45
2 116 45
2 117 45
2 118 45
2 119 45
2 120 45
2 121 45
2 122 45
2 123 45
2 124 45
2 125 45
2 126 45
2 127 45
2 128 45
2 129 45
2 130 45
2 131 45
2 132 45
2 133 45
2 134 45
2 135 45
2 136 45
2 137 45
2 138 45
2 139 45
2 140 45
2 141 45
2 142 45
2 143 45
2 144 45
2 145 45
2 146 45
2 147 45
2 148 45
2 149 45
2 150 45
2 151 45
2 152 45
2 153 45
2 154 45
2 155 45
2 156 45
2 157 45
2 158 45
2 159 45
2 160 45
2 161 45
2 162 45
2 163 45
2 164 45
2 165 45
2 166 45
2 167 45
2 168 45
2 169 45
2 170 45
2 171 45
2 172 45
2 173 45
2 174 45
2 175 45
2 176 45
2 177 45
2 178 45
2 179 45
2 180 45
2 181 45
2 182 45
2 183 45
2 184 45
2 185 45
2 186 45
1 186 45
1 186 44
1 186 43
1 186 42
1 186 41
1 186 40
1 186 39
1 186 38
1 186 37
1 186 36
1 186 35
1 186 34
1 186 33
1 186 32
1 186 31
0
57
1 74 49
1 74 50
2 74 50
2 73 50
2 72 50
2 71 50
2 70 50
2 69 50
2 68 50
2 67 50
2 66 50
2 65 50
2 64 50
2 63 50
2 62 50
2 61 50
2 60 50
2 59 50
2 58 50
2 57 50
2 56 50
2 55 50
2 54 50
2 53 50
2 52 50
2 51 50
2 50 50
2 49 50
2 48 50
2 47 50
2 46 50
2 45 50
2 44 50
2 43 50
2 42 50
2 41 50
2 40 50
2 39 50
2 38 50
2 37 50
2 36 50
2 35 50
2 34 50
2 33 50
2 32 50
2 31 50
2 30 50
2 29 50
2 28 50
2 27 50
2 26 50
2 25 50
2 24 50
2 23 50
2 22 50
2 21 50
2 20 50
2 19 50
2 18 50
2 17 50
2 16 50
2 15 50
2 14 50
1 14 50
1 14 49
0
58
1 76 49
1 76 48
1 76 47
1 76 46
1 76 45
1 76 44
2 76 44
2 77 44
2 78 44
2 79 44
2 80 44
2 81 44
2 82 44
2 83 44
2 84 44
2 85 44
2 86 44
2 87 44
2 88 44
2 89 44
2 90 44
2 91 44
2 92 44
2 93 44
2 94 44
2 95 44
2 96 44
2 97 44
2 98 44
2 99 44
2 100 44
2 101 44
2 102 44
2 103 44
2 104 44
2 105 44
2 106 44
2 107 44
2 108 44
2 109 44
2 110 44
2 111 44
2 112 44
2 113 44
2 114 44
2 115 44
2 116 44
2 117 44
2 118 44
2 119 44
2 120 44
2 121 44
2 122 44
2 123 44
2 124 44
2 125 44
2 126 44
2 127 44
2 128 44
2 129 44
2 130 44
2 131 44
2 132 44
2 133 44
2 134 44
2 135 44
2 136 44
2 137 44
2 138 44
2 139 44
2 140 44
2 141 44
2 142 44
2 143 44
2 144 44
2 145 44
2 146 44
2 147 44
2 148 44
2 149 44
2 150 44
2 151 44
2 152 44
2 153 44
2 154 44
2 155 44
2 156 44
2 157 44
2 158 44
2 159 44
2 160 44
2 161 44
2 162 44
2 163 44
2 164 44
2 165 44
2 166 44
2 167 44
2 168 44
2 169 44
2 170 44
2 171 44
2 172 44
2 173 44
2 174 44
2 175 44
2 176 44
2 177 44
2 178 44
2 179 44
2 180 44
2 181 44
2 182 44
2 183 44
2 184 44
1 184 44
1 184 43
1 184 42
1 184 41
1 184 40
1 184 39
1 184 38
1 184 37
1 184 36
1 184 35
1 184 34
1 184 33
1 184 32
1 184 31
0
59
1 78 49
1 78 50
1 78 51
2 78 51
2 79 51
2 80 51
2 81 51
2 82 51
2 83 51
2 84 51
2 85 51
2 86 51
2 87 51
2 88 51
2 89 51
2 90 51
2 91 51
2 92 51
2 93 51
2 94 51
2 95 51
2 96 51
2 97 51
2 98 51
2 99 51
2 100 51
2 101 51
2 102 51
2 103 51
2 104 51
2 105 51
2 106 51
2 107 51
2 108 51
2 109 51
2 110 51
2 111 51
2 112 51
2 113 51
2 114 51
2 115 51
2 116 51
2 117 51
2 118 51
2 119 51
2 120 51
2 121 51
2 122 51
2 123 51
2 124 51
2 125 51
2 126 51
2 127 51
2 128 51
2 129 51
2 130 51
2 131 51
2 132 51
2 133 51
2 134 51
1 134 51
1 134 50
1 134 49
0
60
1 194 31
1 194 32
2 194 32
2 193 32
2 192 32
2 191 32
2 190 32
2 189 32
2 188 32
2 187 32
2 186 32
2 185 32
2 184 32
2 183 32
2 182 32
2 181 32
2 180 32
2 179 32
2 178 32
2 177 32
2 176 32
2 175 32
2 174 32
2 173 32
2 172 32
2 171 32
2 170 32
2 169 32
2 168 32
2 167 32
2 166 32
2 165 32
2 164 32
2 163 32
2 162 32
2 161 32
2 160 32
2 159 32
2 158 32
2 157 32
2 156 32
2 155 32
2 154 32
2 153 32
2 152 32
2 151 32
2 150 32
2 149 32
2 148 32
2 147 32
2 146 32
2 145 32
2 144 32
2 143 32
2 142 32
2 141 32
2 140 32
2 139 32
2 138 32
2 137 32
2 136 32
2 135 32
2 134 32
2 133 32
2 132 32
2 131 32
2 130 32
2 129 32
2 128 32
2 127 32
2 126 32
2 125 32
2 124 32
2 123 32
2 122 32
1 122 32
1 122 33
1 122 34
1 122 35
1 122 36
1 122 37
1 122 38
1 122 39
1 122 40
1 122 41
1 122 42
1 122 43
1 122 44
1 122 45
1 122 46
1 122 47
1 122 48
1 122 49
1 122 50
1 122 51
1 122 52
1 122 53
1 122 54
1 122 55
1 122 56
1 122 57
1 122 58
1 122 59
1 122 60
1 122 61
1 122 62
1 122 63
1 122 64
1 122 65
1 122 66
1 122 67
1 122 68
1 122 69
1 122 70
1 122 71
1 122 72
1 122 73
1 122 74
1 122 75
1 122 76
1 122 77
1 122 78
1 122 79
1 122 80
1 122 81
1 122 82
1 122 83
1 122 84
1 122 85
1 122 86
1 122 87
1 122 88
1 122 89
1 122 90
1 122 91
1 122 92
1 122 93
1 122 94
1 122 95
1 122 96
1 122 97
1 122 98
1 122 99
1 122 100
1 122 101
1 122 102
1 122 103
0
61
1 148 103
1 148 102
2 148 102
2 149 102
2 150 102
2 151 102
2 152 102
2 153 102
2 154 102
2 155 102
2 156 102
2 157 102
2 158 102
2 159 102
2 160 102
2 161 102
2 162 102
2 163 102
2 164 102
2 165 102
2 166 102
2 167 102
2 168 102
1 168 102
1 168 101
1 168 100
1 168 99
1 168 98
1 168 97
1 168 96
1 168 95
1 168 94
1 168 93
1 168 92
1 168 91
1 168 90
1 168 89
1 168 88
1 168 87
1 168 86
1 168 85
1 168 84
1 168 83
1 168 82
1 168 81
1 168 80
1 168 79
1 168 78
1 168 77
1 168 76
1 168 75
1 168 74
1 168 73
1 168 72
1 168 71
1 168 70
1 168 69
1 168 68
1 168 67
0
62
1 150 103
1 150 102
1 150 101
1 150 100
2 150 100
2 151 100
2 152 100
2 153 100
2 154 100
1 154 100
1 154 99
1 154 98
1 154 97
1 154 96
1 154 95
1 154 94
1 154 93
1 154 92
1 154 91
1 154 90
1 154 89
1 154 88
1 154 87
1 154 86
1 154 85
1 154 84
1 154 83
1 154 82
1 154 81
1 154 80
1 154 79
1 154 78
1 154 77
1 154 76
1 154 75
1 154 74
1 154 73
1 154 72
1 154 71
1 154 70
1 154 69
1 154 68
1 154 67
1 154 66
1 154 65
1 154 64
1 154 63
1 154 62
1 154 61
1 154 60
1 154 59
1 154 58
1 154 57
1 154 56
1 154 55
1 154 54
1 154 53
1 154 52
1 154 51
1 154 50
1 154 49
1 154 48
1 154 47
1 154 46
1 154 45
1 154 44
1 154 43
1 154 42
1 154 41
1 154 40
1 154 39
1 154 38
1 154 37
1 154 36
1 154 35
1 154 34
1 154 33
1 154 32
1 154 31
2 154 31
2 155 31
1 155 31
0
63
1 40 85
1 40 84
2 40 84
2 41 84
2 42 84
2 43 84
2 44 84
2 45 84
2 46 84
2 47 84
2 48 84
2 49 84
2 50 84
2 51 84
2 52 84
2 53 84
2 54 84
2 55 84
2 56 84
2 57 84
2 58 84
2 59 84
2 60 84
2 61 84
2 62 84
2 63 84
2 64 84
2 65 84
2 66 84
2 67 84
2 68 84
2 69 84
2 70 84
1 70 84
1 70 85
0
64
1 42 85
1 42 86
2 42 86
2 43 86
2 44 86
2 45 86
2 46 86
2 47 86
1 47 86
1 47 85
0
65
1 12 13
1 12 14
2 12 14
2 13 14
2 14 14
2 15 14
2 16 14
2 17 14
2 18 14
2 19 14
2 20 14
2 21 14
2 22 14
2 23 14
2 24 14
2 25 14
2 26 14
2 27 14
2 28 14
2 29 14
2 30 14
2 31 14
2 32 14
2 33 14
2 34 14
2 35 14
2 36 14
2 37 14
2 38 14
1 38 14
1 38 15
1 38 16
1 38 17
1 38 18
1 38 19
1 38 20
1 38 21
1 38 22
1 38 23
1 38 24
1 38 25
1 38 26
1 38 27
1 38 28
1 38 29
1 38 30
1 38 31
0
66
1 110 13
1 110 12
1 110 11
2 110 11
2 111 11
2 112 11
2 113 11
2 114 11
2 115 11
2 116 11
2 117 11
2 118 11
2 119 11
2 120 11
2 121 11
2 122 11
2 123 11
2 124 11
2 125 11
2 126 11
2 127 11
2 128 11
2 129 11
2 130 11
2 131 11
2 132 11
2 133 11
2 134 11
2 135 11
2 136 11
2 137 11
2 138 11
2 139 11
2 140 11
2 141 11
2 142 11
2 143 11
2 144 11
2 145 11
2 146 11
2 147 11
2 148 11
2 149 11
2 150 11
2 151 11
2 152 11
2 153 11
1 153 11
1 153 12
1 153 13
1 153 14
1 153 15
1 153 16
1 153 17
1 153 18
1 153 19
1 153 20
1 153 21
1 153 22
1 153 23
1 153 24
1 153 25
1 153 26
1 153 27
1 153 28
1 153 29
1 153 30
1 153 31
1 153 32
1 153 33
2 153 33
2 154 33
2 155 33
1 155 33
1 155 34
1 155 35
1 155 36
1 155 37
1 155 38
1 155 39
1 155 40
1 155 41
1 155 42
1 155 43
1 155 44
1 155 45
1 155 46
1 155 47
1 155 48
1 155 49
1 155 50
1 155 51
1 155 52
1 155 53
1 155 54
1 155 55
1 155 56
1 155 57
1 155 58
1 155 59
1 155 60
1 155 61
1 155 62
1 155 63
1 155 64
1 155 65
1 155 66
1 155 67
0
67
1 150 67
1 150 68
1 150 69
1 150 70
1 150 71
1 150 72
1 150 73
1 150 74
1 150 75
1 150 76
1 150 77
1 150 78
1 150 79
1 150 80
1 150 81
1 150 82
1 150 83
1 150 84
1 150 85
2 150 85
2 149 85
2 148 85
1 148 85
0
68
1 152 67
1 152 66
2 152 66
2 153 66
2 154 66
2 155 66
2 156 66
2 157 66
2 158 66
2 159 66
2 160 66
2 161 66
2 162 66
2 163 66
2 164 66
2 165 66
2 166 66
2 167 66
2 168 66
2 169 66
2 170 66
2 171 66
2 172 66
2 173 66
2 174 66
2 175 66
2 176 66
2 177 66
2 178 66
2 179 66
2 180 66
2 181 66
2 182 66
2 183 66
2 184 66
2 185 66
2 186 66
1 186 66
1 186 65
1 186 64
1 186 63
1 186 62
1 186 61
1 186 60
1 186 59
1 186 58
1 186 57
1 186 56
1 186 55
1 186 54
1 186 53
1 186 52
1 186 51
1 186 50
1 186 49
0
69
1 81 49
1 81 50
1 81 51
1 81 52
2 81 52
2 82 52
2 83 52
2 84 52
2 85 52
2 86 52
2 87 52
2 88 52
2 89 52
2 90 52
2 91 52
2 92 52
2 93 52
2 94 52
2 95 52
2 96 52
2 97 52
2 98 52
2 99 52
2 100 52
2 101 52
2 102 52
2 103 52
2 104 52
2 105 52
2 106 52
2 107 52
2 108 52
2 109 52
2 110 52
2 111 52
2 112 52
2 113 52
2 114 52
2 115 52
2 116 52
2 117 52
2 118 52
2 119 52
2 120 52
2 121 52
2 122 52
2 123 52
2 124 52
2 125 52
1 125 52
1 125 51
1 125 50
1 125 49
0
70
1 83 49
1 83 50
1 83 51
1 83 52
1 83 53
2 83 53
2 84 53
2 85 53
2 86 53
2 87 53
2 88 53
2 89 53
2 90 53
2 91 53
2 92 53
2 93 53
2 94 53
2 95 53
2 96 53
2 97 53
2 98 53
2 99 53
2 100 53
2 101 53
2 102 53
2 103 53
2 104 53
2 105 53
2 106 53
2 107 53
2 108 53
2 109 53
2 110 53
2 111 53
2 112 53
2 113 53
2 114 53
2 115 53
2 116 53
2 117 53
2 118 53
2 119 53
2 120 53
2 121 53
2 122 53
2 123 53
2 124 53
2 125 53
2 126 53
2 127 53
2 128 53
2 129 53
2 130 53
2 131 53
2 132 53
2 133 53
2 134 53
2 135 53
2 136 53
1 136 53
1 136 54
1 136 55
1 136 56
1 136 57
1 136 58
1 136 59
1 136 60
1 136 61
1 136 62
1 136 63
1 136 64
1 136 65
1 136 66
1 136 67
1 136 68
1 136 69
1 136 70
1 136 71
1 136 72
1 136 73
1 136 74
1 136 75
1 136 76
1 136 77
1 136 78
1 136 79
1 136 80
1 136 81
1 136 82
1 136 83
1 136 84
1 136 85
0
71
1 85 49
1 85 50
1 85 51
1 85 52
1 85 53
1 85 54
2 85 54
2 84 54
2 83 54
2 82 54
2 81 54
2 80 54
2 79 54
2 78 54
2 77 54
2 76 54
2 75 54
2 74 54
2 73 54
2 72 54
2 71 54
2 70 54
2 69 54
2 68 54
2 67 54
2 66 54
2 65 54
2 64 54
2 63 54
2 62 54
2 61 54
2 60 54
2 59 54
2 58 54
2 57 54
2 56 54
2 55 54
2 54 54
2 53 54
2 52 54
2 51 54
2 50 54
2 49 54
2 48 54
2 47 54
1 47 54
1 47 55
1 47 56
1 47 57
1 47 58
1 47 59
1 47 60
1 47 61
1 47 62
1 47 63
1 47 64
1 47 65
1 47 66
1 47 67
0
72
1 12 67
1 12 68
2 12 68
2 13 68
2 14 68
2 15 68
2 16 68
2 17 68
2 18 68
2 19 68
2 20 68
2 21 68
2 22 68
2 23 68
2 24 68
2 25 68
2 26 68
2 27 68
2 28 68
2 29 68
2 30 68
2 31 68
2 32 68
2 33 68
2 34 68
2 35 68
2 36 68
2 37 68
2 38 68
2 39 68
2 40 68
2 41 68
2 42 68
2 43 68
2 44 68
2 45 68
2 46 68
2 47 68
2 48 68
2 49 68
1 49 68
1 49 67
0
73
1 14 67
2 14 67
2 13 67
2 12 67
2 11 67
1 11 67
1 11 66
1 11 65
1 11 64
1 11 63
1 11 62
1 11 61
1 11 60
1 11 59
1 11 58
1 11 57
1 11 56
1 11 55
1 11 54
1 11 53
1 11 52
1 11 51
1 11 50
1 11 49
1 11 48
1 11 47
1 11 46
1 11 45
1 11 44
1 11 43
1 11 42
1 11 41
1 11 40
1 11 39
1 11 38
1 11 37
1 11 36
1 11 35
1 11 34
1 11 33
1 11 32
1 11 31
2 11 31
2 10 31
1 10 31
0
74
1 14 31
1 14 30
2 14 30
2 15 30
2 16 30
2 17 30
2 18 30
2 19 30
1 19 30
1 19 31
0
75
1 56 13
1 56 14
1 56 15
1 56 16
1 56 17
1 56 18
1 56 19
1 56 20
1 56 21
1 56 22
1 56 23
1 56 24
1 56 25
1 56 26
1 56 27
1 56 28
1 56 29
1 56 30
1 56 31
1 56 32
2 56 32
2 55 32
2 54 32
2 53 32
2 52 32
2 51 32
2 50 32
2 49 32
2 48 32
2 47 32
2 46 32
2 45 32
2 44 32
2 43 32
2 42 32
1 42 32
1 42 33
1 42 34
1 42 35
1 42 36
1 42 37
1 42 38
1 42 39
1 42 40
1 42 41
1 42 42
1 42 43
1 42 44
1 42 45
1 42 46
1 42 47
1 42 48
1 42 49
0
76
1 159 67
1 159 66
1 159 65
1 159 64
1 159 63
1 159 62
1 159 61
1 159 60
1 159 59
1 159 58
1 159 57
1 159 56
1 159 55
1 159 54
1 159 53
1 159 52
1 159 51
1 159 50
1 159 49
2 159 49
2 160 49
2 161 49
2 162 49
2 163 49
2 164 49
2 165 49
2 166 49
2 167 49
2 168 49
2 169 49
2 170 49
2 171 49
2 172 49
1 172 49
0
77
1 150 13
1 150 14
1 150 15
1 150 16
2 150 16
2 149 16
2 148 16
2 147 16
2 146 16
2 145 16
2 144 16
2 143 16
2 142 16
2 141 16
2 140 16
2 139 16
2 138 16
2 137 16
2 136 16
2 135 16
2 134 16
2 133 16
2 132 16
2 131 16
2 130 16
2 129 16
2 128 16
2 127 16
2 126 16
2 125 16
2 124 16
2 123 16
2 122 16
2 121 16
2 120 16
2 119 16
2 118 16
2 117 16
1 117 16
1 117 17
1 117 18
1 117 19
1 117 20
1 117 21
1 117 22
1 117 23
1 117 24
1 117 25
1 117 26
1 117 27
1 117 28
1 117 29
1 117 30
1 117 31
0
78
1 189 49
1 189 50
1 189 51
1 189 52
1 189 53
1 189 54
1 189 55
1 189 56
1 189 57
1 189 58
1 189 59
1 189 60
1 189 61
1 189 62
1 189 63
1 189 64
1 189 65
1 189 66
1 189 67
2 189 67
2 188 67
2 187 67
2 186 67
2 185 67
2 184 67
2 183 67
2 182 67
1 182 67
0
79
1 21 31
1 21 32
1 21 33
1 21 34
1 21 35
1 21 36
1 21 37
1 21 38
1 21 39
1 21 40
1 21 41
1 21 42
1 21 43
1 21 44
1 21 45
1 21 46
1 21 47
1 21 48
1 21 49
0
80
1 117 13
1 117 12
1 117 11
1 117 10
2 117 10
2 116 10
2 115 10
2 114 10
2 113 10
2 112 10
2 111 10
2 110 10
2 109 10
2 108 10
2 107 10
2 106 10
2 105 10
2 104 10
2 103 10
1 103 10
1 103 11
1 103 12
1 103 13
0
81
1 119 13
1 119 12
1 119 11
1 119 10
2 119 10
2 118 10
1 118 10
1 118 11
1 118 12
1 118 13
1 118 14
1 118 15
1 118 16
1 118 17
2 118 17
2 117 17
2 116 17
2 115 17
2 114 17
2 113 17
2 112 17
2 111 17
2 110 17
2 109 17
2 108 17
1 108 17
1 108 18
1 108 19
1 108 20
1 108 21
1 108 22
1 108 23
1 108 24
1 108 25
1 108 26
1 108 27
1 108 28
1 108 29
1 108 30
1 108 31
0
82
1 112 31
1 112 32
1 112 33
1 112 34
2 112 34
2 113 34
2 114 34
2 115 34
2 116 34
2 117 34
2 118 34
2 119 34
2 120 34
2 121 34
2 122 34
2 123 34
2 124 34
2 125 34
2 126 34
2 127 34
2 128 34
2 129 34
2 130 34
2 131 34
2 132 34
2 133 34
2 134 34
2 135 34
2 136 34
2 137 34
2 138 34
2 139 34
2 140 34
2 141 34
2 142 34
2 143 34
2 144 34
2 145 34
2 146 34
2 147 34
2 148 34
2 149 34
2 150 34
2 151 34
2 152 34
2 153 34
2 154 34
2 155 34
2 156 34
2 157 34
2 158 34
2 159 34
2 160 34
2 161 34
2 162 34
2 163 34
2 164 34
2 165 34
1 165 34
1 165 35
1 165 36
1 165 37
1 165 38
1 165 39
1 165 40
1 165 41
1 165 42
1 165 43
1 165 44
1 165 45
1 165 46
1 165 47
1 165 48
1 165 49
0
83
1 167 49
1 167 48
1 167 47
1 167 46
1 167 45
1 167 44
1 167 43
2 167 43
2 166 43
2 165 43
2 164 43
2 163 43
2 162 43
2 161 43
2 160 43
2 159 43
2 158 43
2 157 43
2 156 43
2 155 43
2 154 43
2 153 43
2 152 43
2 151 43
2 150 43
2 149 43
2 148 43
2 147 43
2 146 43
2 145 43
2 144 43
2 143 43
2 142 43
2 141 43
2 140 43
2 139 43
2 138 43
2 137 43
2 136 43
2 135 43
2 134 43
2 133 43
2 132 43
2 131 43
2 130 43
2 129 43
2 128 43
2 127 43
2 126 43
2 125 43
2 124 43
2 123 43
2 122 43
2 121 43
2 120 43
2 119 43
2 118 43
2 117 43
2 116 43
2 115 43
2 114 43
2 113 43
2 112 43
2 111 43
2 110 43
2 109 43
2 108 43
2 107 43
2 106 43
2 105 43
2 104 43
2 103 43
2 102 43
2 101 43
2 100 43
2 99 43
2 98 43
2 97 43
2 96 43
2 95 43
2 94 43
2 93 43
2 92 43
2 91 43
2 90 43
2 89 43
2 88 43
2 87 43
2 86 43
2 85 43
2 84 43
2 83 43
2 82 43
2 81 43
2 80 43
2 79 43
2 78 43
2 77 43
2 76 43
2 75 43
2 74 43
2 73 43
2 72 43
2 71 43
2 70 43
2 69 43
2 68 43
1 68 43
1 68 42
1 68 41
1 68 40
1 68 39
1 68 38
1 68 37
1 68 36
1 68 35
1 68 34
1 68 33
1 68 32
1 68 31
0
84
1 201 31
2 201 31
2 202 31
2 203 31
2 204 31
2 205 31
2 206 31
2 207 31
2 208 31
2 209 31
2 210 31
1 210 31
0
85
1 203 31
1 203 30
2 203 30
2 202 30
2 201 30
2 200 30
2 199 30
2 198 30
2 197 30
2 196 30
2 195 30
2 194 30
2 193 30
2 192 30
2 191 30
2 190 30
2 189 30
2 188 30
2 187 30
2 186 30
2 185 30
2 184 30
2 183 30
2 182 30
2 181 30
2 180 30
2 179 30
2 178 30
2 177 30
2 176 30
2 175 30
2 174 30
2 173 30
2 172 30
2 171 30
2 170 30
2 169 30
2 168 30
2 167 30
2 166 30
2 165 30
2 164 30
2 163 30
2 162 30
2 161 30
2 160 30
2 159 30
2 158 30
2 157 30
2 156 30
2 155 30
2 154 30
2 153 30
2 152 30
2 151 30
2 150 30
1 150 30
1 150 31
0
86
1 152 31
1 152 32
1 152 33
1 152 34
1 152 35
2 152 35
2 153 35
2 154 35
2 155 35
2 156 35
2 157 35
2 158 35
2 159 35
2 160 35
2 161 35
2 162 35
2 163 35
2 164 35
2 165 35
2 166 35
2 167 35
2 168 35
2 169 35
2 170 35
2 171 35
2 172 35
2 173 35
2 174 35
2 175 35
2 176 35
2 177 35
2 178 35
2 179 35
2 180 35
2 181 35
2 182 35
2 183 35
2 184 35
2 185 35
1 185 35
1 185 36
1 185 37
1 185 38
1 185 39
1 185 40
1 185 41
1 185 42
1 185 43
1 185 44
1 185 45
1 185 46
1 185 47
1 185 48
1 185 49
1 185 50
1 185 51
1 185 52
1 185 53
1 185 54
1 185 55
1 185 56
1 185 57
1 185 58
1 185 59
1 185 60
1 185 61
1 185 62
1 185 63
1 185 64
1 185 65
1 185 66
1 185 67
1 185 68
2 185 68
2 186 68
1 186 68
1 186 67
0
87
1 184 67
1 184 68
1 184 69
2 184 69
2 185 69
2 186 69
2 187 69
2 188 69
2 189 69
2 190 69
2 191 69
2 192 69
2 193 69
2 194 69
2 195 69
2 196 69
1 196 69
1 196 70
1 196 71
1 196 72
1 196 73
1 196 74
1 196 75
1 196 76
1 196 77
1 196 78
1 196 79
1 196 80
1 196 81
1 196 82
1 196 83
1 196 84
1 196 85
1 196 86
1 196 87
1 196 88
1 196 89
1 196 90
1 196 91
1 196 92
1 196 93
1 196 94
1 196 95
1 196 96
1 196 97
1 196 98
1 196 99
1 196 100
1 196 101
1 196 102
1 196 103
0
88
1 188 67
1 188 68
2 188 68
2 189 68
2 190 68
2 191 68
2 192 68
2 193 68
2 194 68
2 195 68
2 196 68
2 197 68
2 198 68
2 199 68
2 200 68
2 201 68
1 201 68
1 201 69
1 201 70
1 201 71
1 201 72
1 201 73
1 201 74
1 201 75
1 201 76
1 201 77
1 201 78
1 201 79
1 201 80
1 201 81
1 201 82
1 201 83
1 201 84
1 201 85
1 201 86
1 201 87
1 201 88
1 201 89
1 201 90
1 201 91
1 201 92
1 201 93
1 201 94
1 201 95
1 201 96
1 201 97
1 201 98
1 201 99
1 201 100
1 201 101
1 201 102
1 201 103
0
89
1 182 103
1 182 102
1 182 101
1 182 100
2 182 100
2 181 100
2 180 100
2 179 100
2 178 100
2 177 100
2 176 100
2 175 100
2 174 100
2 173 100
2 172 100
2 171 100
2 170 100
2 169 100
2 168 100
2 167 100
2 166 100
2 165 100
2 164 100
2 163 100
2 162 100
2 161 100
2 160 100
2 159 100
1 159 100
1 159 99
1 159 98
1 159 97
1 159 96
1 159 95
1 159 94
1 159 93
1 159 92
1 159 91
1 159 90
1 159 89
1 159 88
1 159 87
1 159 86
1 159 85
0
90
1 40 103
1 40 102
1 40 101
1 40 100
1 40 99
2 40 99
2 41 99
2 42 99
2 43 99
2 44 99
2 45 99
2 46 99
2 47 99
2 48 99
2 49 99
2 50 99
2 51 99
2 52 99
2 53 99
2 54 99
2 55 99
2 56 99
2 57 99
2 58 99
2 59 99
2 60 99
2 61 99
2 62 99
2 63 99
2 64 99
2 65 99
2 66 99
2 67 99
2 68 99
2 69 99
2 70 99
2 71 99
2 72 99
2 73 99
2 74 99
2 75 99
2 76 99
2 77 99
2 78 99
2 79 99
2 80 99
2 81 99
2 82 99
2 83 99
2 84 99
2 85 99
2 86 99
2 87 99
2 88 99
2 89 99
2 90 99
2 91 99
2 92 99
2 93 99
2 94 99
2 95 99
2 96 99
2 97 99
2 98 99
2 99 99
2 100 99
2 101 99
2 102 99
2 103 99
2 104 99
2 105 99
2 106 99
2 107 99
2 108 99
2 109 99
2 110 99
2 111 99
2 112 99
2 113 99
2 114 99
2 115 99
2 116 99
2 117 99
2 118 99
2 119 99
2 120 99
2 121 99
2 122 99
2 123 99
2 124 99
2 125 99
2 126 99
2 127 99
2 128 99
2 129 99
2 130 99
2 131 99
2 132 99
2 133 99
2 134 99
2 135 99
2 136 99
2 137 99
2 138 99
2 139 99
2 140 99
2 141 99
2 142 99
2 143 99
2 144 99
2 145 99
2 146 99
2 147 99
2 148 99
2 149 99
2 150 99
2 151 99
2 152 99
2 153 99
2 154 99
2 155 99
2 156 99
2 157 99
2 158 99
2 159 99
2 160 99
2 161 99
2 162 99
2 163 99
2 164 99
2 165 99
2 166 99
2 167 99
2 168 99
2 169 99
2 170 99
2 171 99
2 172 99
2 173 99
2 174 99
2 175 99
2 176 99
2 177 99
2 178 99
2 179 99
2 180 99
2 181 99
2 182 99
2 183 99
2 184 99
2 185 99
2 186 99
2 187 99
2 188 99
2 189 99
2 190 99
2 191 99
2 192 99
2 193 99
1 193 99
1 193 98
1 193 97
1 193 96
1 193 95
1 193 94
1 193 93
1 193 92
1 193 91
1 193 90
1 193 89
1 193 88
1 193 87
1 193 86
1 193 85
0
91
1 197 85
1 197 84
1 197 83
1 197 82
1 197 81
1 197 80
1 197 79
1 197 78
1 197 77
1 197 76
1 197 75
1 197 74
1 197 73
1 197 72
1 197 71
1 197 70
1 197 69
1 197 68
1 197 67
2 197 67
2 196 67
1 196 67
0
92
1 198 67
1 198 66
1 198 65
2 198 65
2 197 65
2 196 65
2 195 65
2 194 65
2 193 65
2 192 65
2 191 65
2 190 65
2 189 65
2 188 65
2 187 65
2 186 65
2 185 65
2 184 65
2 183 65
2 182 65
2 181 65
2 180 65
2 179 65
2 178 65
2 177 65
2 176 65
2 175 65
2 174 65
2 173 65
2 172 65
2 171 65
1 171 65
1 171 66
1 171 67
0
93
1 175 67
1 175 68
2 175 68
2 174 68
2 173 68
2 172 68
2 171 68
2 170 68
2 169 68
2 168 68
2 167 68
2 166 68
2 165 68
2 164 68
2 163 68
2 162 68
2 161 68
2 160 68
2 159 68
2 158 68
2 157 68
2 156 68
2 155 68
2 154 68
2 153 68
2 152 68
2 151 68
2 150 68
2 149 68
2 148 68
2 147 68
2 146 68
2 145 68
2 144 68
2 143 68
2 142 68
2 141 68
2 140 68
2 139 68
2 138 68
2 137 68
2 136 68
2 135 68
2 134 68
2 133 68
2 132 68
2 131 68
2 130 68
2 129 68
2 128 68
2 127 68
2 126 68
2 125 68
2 124 68
2 123 68
2 122 68
2 121 68
2 120 68
2 119 68
2 118 68
2 117 68
2 116 68
2 115 68
2 114 68
2 113 68
2 112 68
2 111 68
2 110 68
2 109 68
2 108 68
2 107 68
2 106 68
2 105 68
2 104 68
2 103 68
2 102 68
2 101 68
2 100 68
2 99 68
2 98 68
2 97 68
2 96 68
2 95 68
2 94 68
2 93 68
2 92 68
2 91 68
2 90 68
2 89 68
2 88 68
2 87 68
2 86 68
1 86 68
1 86 67
0
94
1 92 67
1 92 66
2 92 66
2 93 66
2 94 66
2 95 66
1 95 66
1 95 65
1 95 64
1 95 63
1 95 62
1 95 61
1 95 60
1 95 59
1 95 58
1 95 57
1 95 56
1 95 55
1 95 54
1 95 53
1 95 52
1 95 51
1 95 50
1 95 49
0
95
1 56 67
1 56 68
2 56 68
2 57 68
2 58 68
2 59 68
1 59 68
1 59 67
0
96
1 101 67
1 101 66
1 101 65
2 101 65
2 100 65
2 99 65
2 98 65
2 97 65
2 96 65
2 95 65
2 94 65
2 93 65
1 93 65
1 93 64
1 93 63
1 93 62
1 93 61
1 93 60
1 93 59
1 93 58
1 93 57
1 93 56
1 93 55
1 93 54
1 93 53
1 93 52
1 93 51
1 93 50
1 93 49
1 93 48
1 93 47
1 93 46
1 93 45
1 93 44
1 93 43
1 93 42
1 93 41
1 93 40
1 93 39
1 93 38
1 93 37
1 93 36
1 93 35
1 93 34
1 93 33
1 93 32
1 93 31
0
97
1 95 31
1 95 30
1 95 29
2 95 29
2 96 29
2 97 29
2 98 29
2 99 29
2 100 29
2 101 29
2 102 29
2 103 29
2 104 29
2 105 29
2 106 29
2 107 29
2 108 29
2 109 29
2 110 29
2 111 29
2 112 29
2 113 29
2 114 29
2 115 29
2 116 29
2 117 29
2 118 29
2 119 29
2 120 29
2 121 29
2 122 29
2 123 29
2 124 29
2 125 29
2 126 29
2 127 29
2 128 29
2 129 29
2 130 29
2 131 29
2 132 29
2 133 29
2 134 29
2 135 29
2 136 29
2 137 29
2 138 29
2 139 29
2 140 29
2 141 29
2 142 29
2 143 29
2 144 29
2 145 29
2 146 29
2 147 29
2 148 29
2 149 29
2 150 29
2 151 29
2 152 29
2 153 29
2 154 29
2 155 29
2 156 29
2 157 29
2 158 29
2 159 29
2 160 29
2 161 29
2 162 29
2 163 29
2 164 29
2 165 29
2 166 29
2 167 29
2 168 29
2 169 29
2 170 29
2 171 29
1 171 29
1 171 30
1 171 31
0
98
1 173 31
1 173 30
1 173 29
2 173 29
2 174 29
2 175 29
2 176 29
2 177 29
2 178 29
2 179 29
2 180 29
2 181 29
2 182 29
2 183 29
2 184 29
2 185 29
2 186 29
2 187 29
2 188 29
2 189 29
2 190 29
2 191 29
2 192 29
2 193 29
2 194 29
2 195 29
2 196 29
2 197 29
2 198 29
2 199 29
2 200 29
2 201 29
2 202 29
2 203 29
2 204 29
2 205 29
2 206 29
2 207 29
2 208 29
2 209 29
2 210 29
2 211 29
2 212 29
2 213 29
2 214 29
2 215 29
2 216 29
2 217 29
1 217 29
1 217 30
1 217 31
0
99
1 202 85
2 202 85
2 203 85
2 204 85
2 205 85
2 206 85
2 207 85
2 208 85
2 209 85
2 210 85
2 211 85
2 212 85
2 213 85
2 214 85
2 215 85
1 215 85
1 215 84
1 215 83
1 215 82
1 215 81
1 215 80
1 215 79
1 215 78
1 215 77
1 215 76
1 215 75
1 215 74
1 215 73
1 215 72
1 215 71
1 215 70
1 215 69
1 215 68
1 215 67
1 215 66
1 215 65
1 215 64
1 215 63
1 215 62
1 215 61
1 215 60
1 215 59
1 215 58
1 215 57
1 215 56
1 215 55
1 215 54
1 215 53
1 215 52
1 215 51
1 215 50
1 215 49
1 215 48
1 215 47
1 215 46
1 215 45
1 215 44
1 215 43
1 215 42
1 215 41
1 215 40
1 215 39
1 215 38
1 215 37
1 215 36
1 215 35
1 215 34
1 215 33
1 215 32
1 215 31
0
100
1 219 31
1 219 32
1 219 33
1 219 34
1 219 35
1 219 36
1 219 37
1 219 38
1 219 39
1 219 40
1 219 41
1 219 42
1 219 43
1 219 44
1 219 45
1 219 46
1 219 47
1 219 48
1 219 49
2 219 49
2 218 49
2 217 49
2 216 49
2 215 49
2 214 49
2 213 49
2 212 49
2 211 49
2 210 49
2 209 49
2 208 49
2 207 49
2 206 49
2 205 49
1 205 49
0
101
1 203 103
1 203 102
2 203 102
2 202 102
2 201 102
2 200 102
1 200 102
1 200 101
1 200 100
1 200 99
1 200 98
1 200 97
1 200 96
1 200 95
1 200 94
1 200 93
1 200 92
1 200 91
1 200 90
1 200 89
1 200 88
1 200 87
1 200 86
1 200 85
0
102
1 207 49
1 207 50
1 207 51
1 207 52
1 207 53
1 207 54
1 207 55
1 207 56
1 207 57
1 207 58
1 207 59
1 207 60
1 207 61
1 207 62
1 207 63
1 207 64
1 207 65
1 207 66
1 207 67
2 207 67
2 206 67
2 205 67
2 204 67
2 203 67
1 203 67
0
103
1 205 67
1 205 68
1 205 69
1 205 70
1 205 71
1 205 72
1 205 73
1 205 74
1 205 75
1 205 76
1 205 77
1 205 78
1 205 79
1 205 80
1 205 81
1 205 82
1 205 83
1 205 84
1 205 85
0
104
1 101 49
1 101 50
1 101 51
1 101 52
1 101 53
1 101 54
1 101 55
2 101 55
2 100 55
2 99 55
2 98 55
2 97 55
2 96 55
2 95 55
2 94 55
2 93 55
2 92 55
2 91 55
2 90 55
2 89 55
2 88 55
2 87 55
2 86 55
2 85 55
2 84 55
2 83 55
2 82 55
2 81 55
2 80 55
2 79 55
2 78 55
2 77 55
2 76 55
2 75 55
2 74 55
2 73 55
2 72 55
2 71 55
2 70 55
2 69 55
2 68 55
2 67 55
2 66 55
2 65 55
2 64 55
2 63 55
2 62 55
2 61 55
2 60 55
2 59 55
2 58 55
2 57 55
1 57 55
1 57 54
1 57 53
1 57 52
1 57 51
1 57 50
1 57 49
0
105
1 23 49
1 23 48
2 23 48
2 24 48
2 25 48
2 26 48
2 27 48
2 28 48
1 28 48
1 28 49
0
106
1 33 49
1 33 50
1 33 51
1 33 52
1 33 53
1 33 54
1 33 55
1 33 56
1 33 57
1 33 58
1 33 59
1 33 60
1 33 61
1 33 62
1 33 63
1 33 64
1 33 65
1 33 66
1 33 67
2 33 67
2 32 67
2 31 67
2 30 67
2 29 67
2 28 67
2 27 67
2 26 67
2 25 67
2 24 67
2 23 67
2 22 67
2 21 67
2 20 67
2 19 67
2 18 67
2 17 67
1 17 67
0
107
1 19 67
1 19 68
1 19 69
1 19 70
1 19 71
1 19 72
1 19 73
1 19 74
1 19 75
1 19 76
1 19 77
1 19 78
1 19 79
1 19 80
1 19 81
1 19 82
1 19 83
1 19 84
1 19 85
2 19 85
2 18 85
2 17 85
2 16 85
2 15 85
2 14 85
2 13 85
2 12 85
2 11 85
2 10 85
1 10 85
0
108
1 12 85
1 12 84
2 12 84
2 13 84
2 14 84
2 15 84
2 16 84
2 17 84
2 18 84
2 19 84
2 20 84
2 21 84
2 22 84
1 22 84
1 22 83
1 22 82
1 22 81
1 22 80
1 22 79
1 22 78
1 22 77
1 22 76
1 22 75
1 22 74
1 22 73
1 22 72
1 22 71
1 22 70
1 22 69
1 22 68
1 22 67
0
109
1 24 67
1 24 66
2 24 66
2 25 66
2 26 66
2 27 66
1 27 66
1 27 67
0
110
1 29 67
1 29 68
1 29 69
2 29 69
2 28 69
2 27 69
2 26 69
2 25 69
2 24 69
2 23 69
2 22 69
2 21 69
2 20 69
2 19 69
2 18 69
2 17 69
2 16 69
2 15 69
1 15 69
1 15 70
1 15 71
1 15 72
1 15 73
1 15 74
1 15 75
1 15 76
1 15 77
1 15 78
1 15 79
1 15 80
1 15 81
1 15 82
1 15 83
1 15 84
1 15 85
0
111
1 17 85
1 17 86
2 17 86
2 16 86
2 15 86
2 14 86
2 13 86
2 12 86
2 11 86
2 10 86
1 10 86
1 10 87
1 10 88
1 10 89
1 10 90
1 10 91
1 10 92
1 10 93
1 10 94
1 10 95
1 10 96
1 10 97
1 10 98
1 10 99
1 10 100
1 10 101
1 10 102
1 10 103
0
112
1 12 103
1 12 102
2 12 102
2 13 102
2 14 102
2 15 102
2 16 102
2 17 102
2 18 102
2 19 102
2 20 102
1 20 102
1 20 101
1 20 100
1 20 99
1 20 98
1 20 97
1 20 96
1 20 95
1 20 94
1 20 93
1 20 92
1 20 91
1 20 90
1 20 89
1 20 88
1 20 87
1 20 86
1 20 85
0
113
1 22 85
1 22 86
1 22 87
2 22 87
2 21 87
2 20 87
2 19 87
2 18 87
2 17 87
2 16 87
2 15 87
1 15 87
1 15 88
1 15 89
1 15 90
1 15 91
1 15 92
1 15 93
1 15 94
1 15 95
1 15 96
1 15 97
1 15 98
1 15 99
1 15 100
1 15 101
1 15 102
1 15 103
0
114
1 17 103
1 17 104
2 17 104
2 18 104
2 19 104
2 20 104
2 21 104
2 22 104
2 23 104
2 24 104
2 25 104
2 26 104
2 27 104
2 28 104
2 29 104
2 30 104
2 31 104
2 32 104
2 33 104
2 34 104
2 35 104
2 36 104
2 37 104
2 38 104
2 39 104
2 40 104
2 41 104
2 42 104
2 43 104
1 43 104
1 43 103
0
115
1 45 103
1 45 104
1 45 105
2 45 105
2 44 105
2 43 105
2 42 105
2 41 105
2 40 105
2 39 105
2 38 105
2 37 105
2 36 105
2 35 105
2 34 105
2 33 105
2 32 105
2 31 105
2 30 105
2 29 105
2 28 105
2 27 105
2 26 105
2 25 105
2 24 105
2 23 105
2 22 105
2 21 105
2 20 105
1 20 105
1 20 104
1 20 103
0
116
1 22 103
1 22 102
2 22 102
2 23 102
2 24 102
2 25 102
1 25 102
1 25 101
1 25 100
1 25 99
1 25 98
1 25 97
1 25 96
1 25 95
1 25 94
1 25 93
1 25 92
1 25 91
1 25 90
1 25 89
1 25 88
1 25 87
1 25 86
1 25 85
0
117
1 27 85
2 27 85
2 26 85
1 26 85
1 26 86
1 26 87
1 26 88
1 26 89
1 26 90
1 26 91
1 26 92
1 26 93
1 26 94
1 26 95
1 26 96
1 26 97
1 26 98
1 26 99
1 26 100
1 26 101
1 26 102
1 26 103
2 26 103
2 25 103
1 25 103
0
118
1 27 103
1 27 102
2 27 102
2 28 102
2 29 102
2 30 102
2 31 102
2 32 102
2 33 102
2 34 102
2 35 102
2 36 102
2 37 102
2 38 102
2 39 102
2 40 102
2 41 102
2 42 102
2 43 102
2 44 102
2 45 102
2 46 102
2 47 102
2 48 102
1 48 102
1 48 103
0
119
1 50 103
1 50 102
2 50 102
2 51 102
2 52 102
2 53 102
1 53 102
1 53 103
0
120
1 55 103
1 55 104
2 55 104
2 56 104
2 57 104
2 58 104
2 59 104
2 60 104
2 61 104
2 62 104
2 63 104
2 64 104
2 65 104
2 66 104
2 67 104
2 68 104
2 69 104
2 70 104
2 71 104
2 72 104
2 73 104
2 74 104
2 75 104
2 76 104
2 77 104
2 78 104
2 79 104
2 80 104
2 81 104
2 82 104
2 83 104
2 84 104
2 85 104
1 85 104
1 85 103
0
121
1 87 103
1 87 104
2 87 104
2 88 104
2 89 104
2 90 104
2 91 104
2 92 104
2 93 104
2 94 104
2 95 104
2 96 104
2 97 104
2 98 104
2 99 104
2 100 104
2 101 104
2 102 104
2 103 104
2 104 104
2 105 104
2 106 104
2 107 104
2 108 104
2 109 104
2 110 104
2 111 104
2 112 104
2 113 104
2 114 104
2 115 104
2 116 104
2 117 104
2 118 104
2 119 104
2 120 104
2 121 104
2 122 104
2 123 104
2 124 104
2 125 104
2 126 104
2 127 104
1 127 104
1 127 103
0
122
1 129 103
1 129 104
2 129 104
2 130 104
2 131 104
2 132 104
2 133 104
2 134 104
2 135 104
2 136 104
2 137 104
2 138 104
2 139 104
2 140 104
2 141 104
2 142 104
2 143 104
2 144 104
2 145 104
2 146 104
2 147 104
2 148 104
2 149 104
2 150 104
2 151 104
2 152 104
2 153 104
2 154 104
2 155 104
2 156 104
2 157 104
2 158 104
2 159 104
2 160 104
2 161 104
2 162 104
2 163 104
2 164 104
2 165 104
2 166 104
2 167 104
2 168 104
2 169 104
1 169 104
1 169 103
0
123
1 35 31
1 35 30
1 35 29
1 35 28
1 35 27
1 35 26
1 35 25
1 35 24
1 35 23
1 35 22
1 35 21
1 35 20
1 35 19
1 35 18
1 35 17
1 35 16
1 35 15
1 35 14
1 35 13
2 35 13
2 34 13
2 33 13
2 32 13
2 31 13
2 30 13
2 29 13
1 29 13
0
124
1 209 13
1 209 12
1 209 11
1 209 10
1 209 9
2 209 9
2 208 9
2 207 9
2 206 9
2 205 9
2 204 9
2 203 9
2 202 9
2 201 9
2 200 9
2 199 9
2 198 9
2 197 9
2 196 9
2 195 9
2 194 9
2 193 9
2 192 9
2 191 9
2 190 9
2 189 9
2 188 9
2 187 9
2 186 9
2 185 9
2 184 9
2 183 9
2 182 9
2 181 9
2 180 9
2 179 9
2 178 9
2 177 9
2 176 9
2 175 9
2 174 9
2 173 9
2 172 9
2 171 9
2 170 9
2 169 9
2 168 9
2 167 9
2 166 9
2 165 9
2 164 9
2 163 9
2 162 9
2 161 9
2 160 9
2 159 9
2 158 9
2 157 9
2 156 9
2 155 9
2 154 9
2 153 9
2 152 9
2 151 9
2 150 9
2 149 9
2 148 9
2 147 9
2 146 9
2 145 9
2 144 9
2 143 9
2 142 9
2 141 9
2 140 9
2 139 9
2 138 9
2 137 9
2 136 9
2 135 9
2 134 9
2 133 9
2 132 9
2 131 9
2 130 9
2 129 9
2 128 9
2 127 9
2 126 9
2 125 9
2 124 9
2 123 9
2 122 9
2 121 9
2 120 9
2 119 9
2 118 9
2 117 9
2 116 9
2 115 9
2 114 9
2 113 9
2 112 9
2 111 9
2 110 9
2 109 9
2 108 9
2 107 9
2 106 9
2 105 9
2 104 9
2 103 9
2 102 9
2 101 9
2 100 9
2 99 9
2 98 9
2 97 9
2 96 9
2 95 9
2 94 9
2 93 9
2 92 9
2 91 9
2 90 9
2 89 9
2 88 9
2 87 9
2 86 9
2 85 9
2 84 9
2 83 9
2 82 9
2 81 9
2 80 9
2 79 9
2 78 9
2 77 9
2 76 9
2 75 9
2 74 9
2 73 9
2 72 9
2 71 9
2 70 9
2 69 9
2 68 9
2 67 9
2 66 9
2 65 9
2 64 9
2 63 9
2 62 9
2 61 9
2 60 9
2 59 9
2 58 9
2 57 9
2 56 9
2 55 9
2 54 9
2 53 9
2 52 9
2 51 9
2 50 9
2 49 9
2 48 9
2 47 9
2 46 9
2 45 9
2 44 9
2 43 9
2 42 9
2 41 9
2 40 9
2 39 9
2 38 9
2 37 9
2 36 9
2 35 9
2 34 9
2 33 9
2 32 9
2 31 9
1 31 9
1 31 10
1 31 11
1 31 12
1 31 13
0
125
1 91 85
1 91 84
1 91 83
1 91 82
1 91 81
1 91 80
1 91 79
1 91 78
1 91 77
1 91 76
1 91 75
1 91 74
1 91 73
1 91 72
1 91 71
1 91 70
1 91 69
1 91 68
1 91 67
1 91 66
1 91 65
1 91 64
1 91 63
1 91 62
1 91 61
1 91 60
1 91 59
1 91 58
1 91 57
1 91 56
1 91 55
1 91 54
1 91 53
1 91 52
1 91 51
1 91 50
1 91 49
1 91 48
1 91 47
1 91 46
1 91 45
1 91 44
1 91 43
1 91 42
2 91 42
2 90 42
2 89 42
2 88 42
2 87 42
2 86 42
2 85 42
2 84 42
2 83 42
2 82 42
2 81 42
2 80 42
2 79 42
2 78 42
2 77 42
2 76 42
2 75 42
2 74 42
2 73 42
2 72 42
2 71 42
2 70 42
2 69 42
2 68 42
2 67 42
2 66 42
2 65 42
2 64 42
2 63 42
2 62 42
2 61 42
2 60 42
2 59 42
2 58 42
2 57 42
2 56 42
2 55 42
2 54 42
2 53 42
2 52 42
2 51 42
2 50 42
2 49 42
2 48 42
2 47 42
2 46 42
2 45 42
2 44 42
2 43 42
2 42 42
2 41 42
2 40 42
2 39 42
2 38 42
2 37 42
2 36 42
2 35 42
2 34 42
2 33 42
1 33 42
1 33 41
1 33 40
1 33 39
1 33 38
1 33 37
1 33 36
1 33 35
1 33 34
1 33 33
1 33 32
1 33 31
1 33 30
1 33 29
1 33 28
1 33 27
1 33 26
1 33 25
1 33 24
1 33 23
1 33 22
1 33 21
1 33 20
1 33 19
1 33 18
1 33 17
1 33 16
1 33 15
1 33 14
1 33 13
0
